text3	1
3	10
3	100
3	100017
2	100032
4	100034
1	100083
4	100106
3	100159
2	100163
1	100226
4	100272
3	1003
3	100304
2	100306
2	100326
2	100365
3	100383
1	100390
2	1004
3	100450
2	100487
1	100498
2	1005
3	100517
4	100527
5	100553
4	100556
2	100581
3	1006
2	1007
3	100714
2	100745
3	1008
4	100843
3	1009
3	101
3	1010
2	101025
3	101070
2	101076
2	101088
3	1011
3	101106
1	101112
3	101142
3	1012
2	101283
3	101285
3	1013
1	101360
3	101362
3	1014
2	101415
3	1015
3	101525
2	101529
1	101531
1	101577
3	1016
2	101612
3	1017
4	101741
3	1018
5	101850
3	101864
1	101884
3	101895
3	1019
3	101904
3	101947
5	101962
2	102
3	1020
3	102033
3	1021
3	102123
3	102125
2	102165
3	102194
3	1022
5	102217
4	102252
2	102278
4	1023
1	102378
3	102396
3	1024
2	102407
3	102445
2	102481
3	1025
4	102588
2	1026
5	102666
4	102684
2	102686
3	1027
3	102716
3	102720
5	102753
1	102792
3	1028
3	102800
3	102819
1	102880
3	1029
3	102903
3	102905
3	102993
2	102995
4	103
3	1030
2	103042
3	103048
3	1031
4	103107
3	103137
3	103141
3	1032
3	103210
2	103221
3	103228
3	103235
2	103249
2	103253
3	103279
3	103299
3	1033
3	103335
2	103339
3	103341
1	103372
2	103384
3	1034
4	103444
3	1035
1	103502
3	103539
2	103543
1	103596
3	1036
3	103624
1	103655
3	103659
2	103671
2	103688
2	1037
5	103731
2	103755
3	103772
2	103801
3	103810
2	103813
3	103819
2	103865
2	103883
3	103980
2	103984
3	104
4	1040
4	104069
3	104074
1	104076
4	104078
3	1041
5	104119
2	104129
3	1042
3	104211
2	104218
2	104241
2	104243
2	104245
3	104272
4	104283
2	1043
3	104303
3	104312
2	104321
4	104337
4	104339
4	104374
3	1044
4	104419
3	104441
3	104457
4	104590
4	104595
3	104597
3	1046
1	104662
3	1047
3	104726
4	104757
1	104760
3	104841
4	104863
3	104879
4	104881
3	1049
2	104906
4	104913
3	104925
4	104944
3	105
3	1050
2	105037
3	1051
1	105121
4	105197
3	105211
3	105213
4	105246
3	105254
2	1053
1	105351
4	105355
1	1054
4	105429
4	105468
2	1055
4	105504
2	105585
4	105593
4	1056
3	1057
2	105715
3	105731
1	105755
3	105763
4	105769
3	105844
3	1059
3	105954
4	1060
3	106002
3	106004
4	106011
4	106022
3	106062
3	106072
3	1061
3	106100
1	106111
4	106144
3	106204
3	106236
4	1063
1	106330
3	106332
2	106397
3	1064
3	106417
4	106438
4	106441
3	106452
5	106471
3	106473
3	106487
3	106489
2	106491
4	106540
1	106542
4	1066
3	106642
4	106696
4	1067
4	106762
3	106766
4	106782
3	1068
3	106839
3	106870
3	106873
1	106883
3	1069
3	106916
3	106918
4	106920
3	107
4	107042
3	107057
3	107069
4	107081
4	107083
3	107141
3	1073
4	107314
2	107348
3	107382
3	107406
5	107412
5	107447
3	107516
5	107555
5	107559
3	1076
5	107649
4	1077
1	107702
2	107769
3	107771
3	1078
3	1079
4	107910
2	107945
3	107953
5	107978
3	107999
4	108
3	1080
2	108076
3	108090
3	1081
2	108156
2	108188
2	108190
4	108192
3	1082
3	1083
3	1084
1	108447
3	1085
2	108506
4	108514
3	108548
3	108551
4	108583
3	1086
2	108601
0	108689
3	1087
5	108709
1	108715
4	108727
2	108729
4	108795
3	1088
3	108873
4	1089
2	108928
4	108932
2	108945
2	108949
4	108979
4	108981
3	1090
2	109042
4	109074
2	1091
4	109161
4	109183
1	109187
1	109191
3	1092
4	109205
5	109249
2	109295
3	1093
2	109317
4	109359
1	109372
4	109374
3	1094
3	109483
4	109487
3	1095
1	109576
3	109578
4	1096
2	109673
2	109687
3	1097
3	109740
4	109742
3	109846
3	109848
2	109850
2	109853
2	109864
3	109895
3	1099
3	11
3	110
2	1100
3	110058
3	1101
4	110102
3	110110
2	110127
4	110194
3	110297
3	1103
4	110348
4	110352
3	1104
3	110453
4	110461
1	1105
3	110501
2	110553
4	110586
2	110591
2	110611
4	110645
2	110655
2	110730
2	110748
4	110752
2	110771
4	110781
1	110826
1	110858
5	110873
3	110882
4	111
3	1111
3	111113
3	1112
2	111228
3	111235
2	1113
2	111360
3	111362
2	111364
3	111384
3	1114
3	111443
2	111486
3	111529
2	111617
3	111622
3	111624
3	111659
1	111663
1	111680
2	111743
3	111759
3	111781
3	111795
3	111913
3	111921
2	111931
3	112
3	1120
2	112006
4	112062
4	112070
2	112112
3	112138
2	112171
4	112175
3	112183
1	112277
3	112290
4	1123
1	112303
3	112334
2	112370
4	112399
3	1124
4	112421
2	112450
2	112460
1	112497
3	1125
3	112515
3	112552
3	112556
5	112577
4	112582
2	1126
3	112623
4	112653
2	112655
2	112689
3	1127
4	112735
2	112749
4	112767
1	112788
3	1128
3	112804
2	112818
2	112850
3	112852
3	112897
3	1129
2	112911
4	112921
2	112940
3	113
3	1130
3	113064
4	1131
3	113186
3	1132
4	113207
3	113220
3	113225
3	113252
3	113275
3	1133
1	113345
2	113348
2	113378
1	113416
2	113453
3	1135
3	113532
3	113565
3	113573
4	1136
2	113640
4	1137
2	113705
2	113741
3	113780
3	113829
3	113862
3	113938
3	114
4	114028
2	114044
3	114060
3	114074
4	114082
3	114122
2	114180
3	114265
4	114342
5	114464
3	1145
4	114552
2	114601
4	114635
2	114662
3	114670
4	1147
3	114707
1	114762
2	114766
3	114795
4	1148
2	114818
2	114925
3	114935
3	1150
4	1151
4	115122
4	115147
3	115149
2	115151
3	115170
3	115174
3	1152
3	115210
3	115216
3	115231
3	1153
1	1154
3	115502
2	115534
3	115569
4	115617
3	115624
4	115664
3	115680
3	115713
3	115877
2	115881
4	115927
4	116
4	116012
4	1161
2	116136
2	116161
3	1162
1	116207
2	1163
3	116397
1	1164
3	116413
1	116419
1	1165
1	116503
4	116660
2	1167
4	116797
2	116799
3	1168
2	116823
2	116849
4	116855
2	116887
4	116897
4	1169
0	116939
2	116977
1	116985
3	117
3	1171
2	117107
3	117121
3	117123
3	117176
4	117192
4	1172
3	1173
3	1174
1	117434
3	117444
3	117456
4	1175
3	117511
3	117529
3	117533
2	117590
3	1176
3	1177
4	1178
1	117851
3	117871
3	117895
3	1179
2	118
3	1180
3	118082
4	1181
4	118105
1	118248
2	118260
3	1183
2	118326
2	118334
3	118354
4	1184
5	118468
3	1185
3	1186
3	118696
3	1187
2	118702
3	1188
2	118814
4	118880
5	118890
4	118898
4	1189
3	118900
2	118924
3	118985
2	118997
3	119
2	1190
2	119068
3	1191
3	119141
3	119145
3	119155
4	1192
4	1193
3	1194
4	1196
1	119655
4	1197
4	1198
4	1199
2	12
3	1200
3	1201
3	1202
4	1203
2	120392
4	1204
2	120466
4	1206
1	120635
1	120637
4	1207
2	120783
2	120799
4	1208
5	120805
4	120821
4	1209
3	121
4	1210
4	1211
1	121113
5	121126
3	121171
4	1212
4	121231
4	1213
3	1214
4	121491
3	1215
2	1216
3	121618
4	1217
4	1218
4	1219
3	122
3	1220
4	1221
4	1222
4	1223
4	1224
1	122490
4	1225
3	1226
4	1227
4	1228
3	122882
3	122886
5	122888
4	122890
3	122892
3	122900
2	122902
3	122904
3	122920
3	122924
2	122932
4	123
4	1230
3	1231
3	1232
4	1233
4	1234
3	1235
3	1236
4	1237
4	1238
3	123947
3	124
3	1240
3	1241
3	1242
4	1243
3	1244
3	1245
3	1246
4	1247
4	1248
2	124859
3	1249
3	125
4	1250
3	1251
4	1252
3	1253
4	1254
3	1255
4	1256
3	1257
4	1258
4	1259
0	125916
2	126
4	1260
3	126006
3	1261
3	126106
3	1262
3	1263
4	1264
1	126420
5	126430
3	1265
3	126548
3	1266
4	1267
3	1268
3	1269
4	1270
5	127052
2	127096
4	127098
3	1271
5	127108
4	127114
4	127124
2	127136
4	127152
3	127158
4	127164
3	127178
2	127194
3	127198
4	1272
4	127202
3	127204
2	127206
3	1273
1	127319
3	1274
3	1275
4	1276
4	1277
5	127728
4	1278
3	1279
4	1280
4	1281
3	1282
4	1283
4	128360
3	1284
3	1285
3	128512
2	128520
1	128592
3	1286
4	128606
4	128616
5	128620
3	1287
4	1288
5	128846
3	1289
3	129
3	1290
4	129009
4	1291
4	129191
4	1292
0	129250
3	1293
5	129313
3	129354
2	129364
3	129428
3	1295
5	129514
3	1296
3	129653
1	129657
3	129659
3	1297
2	129737
3	1298
4	1299
1	129937
3	13
4	130
4	1300
3	130073
2	130083
3	130087
3	1301
3	1302
3	1303
4	130351
4	1304
0	130448
1	130450
3	130452
2	130490
4	1305
4	130520
5	130522
2	130576
3	130580
2	1306
4	130628
2	130634
3	130642
3	130682
3	1307
3	130960
5	130970
4	130980
2	131
4	1310
2	131013
0	1311
4	131168
5	1312
1	131451
4	1317
1	131714
4	131724
4	131830
2	132
3	1320
3	132046
4	132074
3	1321
3	132146
2	132157
2	1322
2	1323
5	132333
1	1324
1	132462
3	132480
2	132488
3	132496
1	1325
2	1326
1	132618
3	1327
2	132796
1	1328
3	132888
3	1329
4	132952
3	132961
3	1330
2	1331
2	133195
3	1332
2	133281
2	133295
3	1333
2	133365
1	133377
3	1334
2	133419
4	1335
1	133545
3	1336
4	133645
2	1337
4	133771
2	133782
1	133798
2	133824
3	1339
3	1340
3	134025
4	1341
4	134130
1	134158
3	134170
3	1342
3	134246
3	1343
3	134368
3	134393
3	1344
3	1345
3	134528
3	134569
3	1346
3	1347
3	134783
3	1348
4	134853
3	134859
4	134881
4	1349
3	135
3	1350
4	1351
2	135133
2	135137
3	1352
4	135264
4	135266
4	135268
2	1353
3	1354
3	135436
2	1355
3	135508
2	135518
2	135532
3	135536
3	135567
2	135569
3	1356
3	1357
3	1358
4	135861
2	135887
2	1359
4	136016
3	136018
2	136020
4	1361
3	1363
1	136305
5	136445
5	136447
5	136449
3	1365
2	136562
1	136592
2	136598
3	1366
2	136602
1	136654
1	136666
2	1367
1	136800
2	136816
2	136864
2	1369
1	137
3	1370
3	1371
3	1372
2	1373
3	137337
3	1374
3	137403
3	1375
3	137595
3	1376
3	1377
3	1378
3	137857
2	1379
3	1380
3	138036
2	1381
2	1382
3	138204
4	138208
3	138258
4	1384
3	1385
1	138546
5	138696
4	138698
3	1387
2	1388
1	1389
3	1390
2	1391
5	139116
4	139130
3	1392
3	1393
3	139385
3	1394
3	139415
3	1395
3	1396
4	139620
3	139642
3	139644
3	1397
4	139757
3	1398
2	139855
3	1399
2	139915
3	14
3	140
3	1401
4	140110
4	140152
3	140174
2	140237
4	140247
5	140265
4	140267
2	1404
3	1405
2	140523
3	1406
3	1407
3	140711
3	140715
3	140725
5	140739
5	140741
5	140743
5	140745
5	140747
5	140749
5	140751
4	140753
5	140755
4	140757
5	140759
5	140761
5	140763
3	1408
3	140816
4	140880
2	1409
1	140928
3	141
2	1410
4	1411
5	141124
3	1413
3	1414
2	141422
3	1415
3	1416
5	141668
2	141688
2	1417
3	141718
4	141749
4	141866
5	141886
4	141890
3	1419
1	141956
5	1420
5	142068
3	142192
3	1422
5	142240
1	142258
4	1423
4	142422
3	142448
3	142488
2	1425
3	142507
2	142536
3	1427
5	1428
3	1429
3	142997
2	1430
2	1431
3	1432
1	143255
2	143257
3	1433
3	143377
3	143385
2	143410
1	143472
2	143657
3	1437
2	1438
3	143859
3	144
3	1440
3	1441
2	1442
4	1444
2	1445
3	1446
4	144620
2	1447
1	144714
3	1449
5	144976
3	145
5	1450
3	145150
2	1453
2	145307
3	1454
5	1455
1	1456
3	1457
3	145775
3	1458
1	145839
3	1459
4	145935
4	146
3	1460
2	1461
4	1463
4	146309
3	1464
3	146443
4	1465
2	146501
3	1466
3	146604
4	146656
3	146682
2	146688
2	1468
3	147
3	147006
4	147010
5	147037
4	1472
2	1473
1	1474
3	147426
4	1475
3	1476
3	147845
3	1479
4	148
3	1480
4	148168
3	1482
3	148238
3	1483
5	148372
3	1484
3	1485
3	148626
2	148652
3	1487
3	1488
5	148881
3	148888
3	1489
4	148956
4	149
0	1490
4	1493
3	149352
3	149354
4	149406
1	1495
3	149532
3	149572
2	149590
4	149606
2	149612
2	1497
3	1498
3	149830
2	1499
2	15
3	150
3	1500
3	1501
1	1502
2	1503
4	1504
3	150401
4	150548
3	1507
3	1508
5	150856
3	151
3	1513
4	151307
2	1515
4	1516
2	151639
3	1517
3	1518
3	152
5	152017
2	152025
0	152057
3	152077
1	152079
4	152081
3	152091
3	152173
4	1523
1	1525
2	1526
3	1527
4	152844
3	1529
2	153
5	1531
2	1532
3	1535
5	153584
3	1537
1	1539
3	154
2	1541
3	1542
5	1543
2	1544
4	1545
2	1546
2	1549
3	155
3	1550
3	1552
4	155392
3	1554
4	1555
1	1556
4	155611
1	155820
3	156
5	156025
2	1562
5	1563
4	156387
4	1564
3	1566
1	156607
3	156609
3	156726
3	1569
2	157
2	1570
1	1571
4	1572
1	157200
3	157296
3	1573
1	157407
5	1575
1	157667
2	158
3	1580
2	1581
3	1582
3	158238
1	1583
4	158314
3	1584
3	158528
2	1586
3	1587
3	1588
3	1589
4	158956
3	159
2	1590
2	159093
2	1591
2	1592
2	1593
3	1594
3	159462
1	1595
2	1596
2	159690
3	1597
1	159755
3	1598
3	159858
1	1599
0	159972
3	16
2	160
2	1600
1	160080
3	1601
1	1602
2	160271
2	1603
3	1604
4	160438
1	160440
2	1605
2	160563
2	160565
4	160567
5	160590
2	1606
3	160656
4	160718
3	1608
3	1609
3	161
3	1610
2	161084
4	1611
0	161155
3	1612
3	1613
3	1614
3	1615
3	161594
3	1616
4	1617
1	161830
3	1619
1	161918
5	161944
4	162
3	1620
3	1621
2	1623
4	162376
4	1624
3	1625
5	162542
1	1626
3	162672
2	1627
3	1629
3	163
3	1631
2	1632
3	1633
3	1635
1	1636
3	1639
5	163949
3	164
1	1640
3	1641
2	1642
4	1643
2	1644
3	1645
2	1646
2	1647
3	1648
3	1649
3	165
4	1652
3	1653
3	1654
3	1655
3	1657
3	1658
3	166
3	1660
3	1661
3	1663
3	1665
2	1667
1	1668
4	1669
4	167
3	1670
3	1671
3	1672
3	1673
4	1674
3	1676
3	1678
3	168
3	1680
1	1681
3	1682
3	1683
3	1684
3	1686
2	1687
3	1688
3	1689
2	169
3	1690
5	1692
3	1693
3	1694
2	1696
3	1699
3	17
3	170
3	1701
2	1702
2	1703
4	1704
2	1707
4	171
3	1711
2	1713
3	1715
3	1717
4	1719
2	172
3	1721
3	1722
1	1726
3	1727
4	1728
3	1729
2	173
3	1730
1	1731
3	1732
2	1733
3	1734
2	1735
0	1739
2	174
2	1744
2	1746
3	1747
3	1748
3	175
2	1750
2	1752
3	1753
3	1754
3	1755
3	1756
3	1757
4	1759
3	176
1	1760
3	1762
3	1767
2	1769
2	177
5	1771
3	1772
3	1777
2	1779
4	178
2	1783
3	1784
3	1785
4	1788
3	179
3	1791
3	1792
3	1794
4	1795
2	1796
3	1797
2	1798
3	1799
3	18
3	180
2	1801
3	1804
3	1805
1	1806
2	1807
4	1809
1	181
3	1810
3	1812
2	1816
5	1819
3	1821
3	1822
3	1824
0	1826
4	1827
5	183
2	1831
2	1833
3	1834
3	1835
2	1836
2	1837
2	1839
4	184
2	1840
3	1841
4	1844
4	1845
4	1846
2	1848
3	185
3	1852
4	1854
2	1855
3	1856
3	1858
5	1859
2	186
4	1860
2	1861
2	1862
2	1863
3	1864
3	1865
3	1866
2	187
4	1870
3	1873
3	1874
3	1875
3	1876
3	1878
3	188
4	1880
4	1881
2	1882
3	1883
3	1884
3	1885
1	1886
2	1887
2	1888
3	1889
4	189
2	1891
3	1892
2	1894
3	1895
3	1896
3	1897
2	19
3	190
3	1900
3	1901
1	1902
4	1903
3	1904
3	1907
3	1909
3	191
4	1910
2	1911
3	1912
3	1913
3	1914
3	1916
3	1917
3	1918
4	1919
2	1920
3	1921
3	1922
3	1923
3	1924
4	1925
2	1926
4	1927
3	1928
2	1929
2	193
4	1931
2	1932
5	1933
4	1934
3	1935
4	1936
3	1937
4	1938
4	1939
4	194
4	1940
4	1941
4	1942
3	1943
3	1944
4	1945
4	1946
3	1947
4	1948
3	1949
3	195
3	1950
3	1951
4	1952
4	1953
3	1954
3	1955
3	1956
3	1957
3	1958
3	1959
2	196
4	1960
3	1961
3	1962
4	1963
3	1964
3	1965
3	1966
3	1967
3	1968
2	1969
2	1970
2	1971
2	1972
2	1973
3	1974
1	1975
2	1976
1	1977
2	1978
2	1979
3	198
3	1980
2	1981
3	1982
3	1983
1	1984
2	1985
3	1986
2	1987
3	1988
2	1989
3	199
3	1990
2	1991
2	1992
2	1993
3	1994
2	1995
1	1996
3	1997
3	1998
2	1999
3	2
2	20
4	200
3	2000
3	2001
2	2002
3	2003
2	2004
3	2005
3	2006
2	2007
1	2008
3	2009
4	201
3	2010
3	2011
3	2012
3	2013
3	2014
3	2015
2	2016
3	2017
3	2018
4	2019
3	202
3	2020
3	2021
3	2022
3	2023
3	2024
2	2025
3	2026
2	2027
3	2028
4	2029
3	203
3	2031
3	2032
3	2033
3	2034
3	2035
2	2036
3	2037
3	2038
3	2039
3	204
3	2040
3	2041
2	2042
3	2043
2	2044
3	2045
3	2046
4	2047
3	2048
2	2049
4	205
2	2050
3	2051
3	2052
2	2053
2	2054
4	2055
3	2056
3	2057
3	2058
3	2059
3	206
3	2060
2	2062
1	2063
4	2064
3	2065
4	2066
3	2067
4	2068
3	2069
3	207
4	2070
3	2071
3	2072
4	2073
4	2074
3	2075
4	2076
3	2077
3	2078
3	2079
2	208
3	2080
3	2081
2	2082
3	2083
2	2084
3	2085
5	2086
3	2087
2	2088
3	2089
2	209
3	2090
4	2091
2	2092
3	2093
3	2094
2	2095
3	2096
3	2097
2	2098
3	2099
3	21
3	2100
2	2101
4	2102
3	2103
3	2104
3	2105
3	2106
3	2107
3	2108
3	2109
3	211
3	2110
3	2111
3	2112
3	2113
3	2114
3	2115
3	2116
3	2117
3	2118
3	2119
3	2120
2	2121
2	2122
3	2123
3	2124
3	2125
2	2126
3	2128
4	213
4	2130
4	2131
4	2132
3	2133
3	2134
3	2135
2	2136
3	2137
4	2138
3	2139
3	214
3	2140
3	2141
3	2142
3	2143
3	2144
3	2145
3	2146
1	2147
3	2148
2	2149
3	215
3	2150
3	2151
2	2152
2	2153
2	2154
3	2155
3	2159
3	216
3	2160
3	2161
2	2162
3	2163
1	2164
3	2165
3	2166
3	2167
3	2168
2	2169
2	217
3	2170
3	2171
3	2173
3	2174
3	2176
4	2177
3	2178
3	218
3	2180
3	2181
4	2182
3	2183
3	2184
4	2186
4	2187
2	2188
4	2189
4	219
2	2190
0	2191
3	2193
3	2194
2	2195
3	2197
3	22
3	220
4	2200
4	2201
4	2202
4	2203
4	2204
3	2205
3	2206
4	2207
4	2208
4	2210
4	2212
3	2214
4	2215
4	2219
3	222
4	2221
4	2227
3	223
3	2231
4	2232
2	2236
2	2237
3	2238
3	2239
3	224
3	2240
2	2241
3	2243
3	2244
3	2245
2	2246
3	2247
3	2248
3	2249
3	225
3	2250
3	2252
2	2253
3	2254
2	2255
4	2256
3	2257
2	2259
2	2260
3	2261
2	2262
3	2263
3	2264
2	2265
2	2266
4	2267
3	2268
2	2269
3	227
3	2271
3	2272
3	2273
3	2275
3	2276
3	2278
3	2279
2	228
3	2280
3	2282
4	2283
5	2284
3	2285
1	2286
3	2287
3	2288
4	2289
4	229
3	2290
3	2291
4	2292
3	2294
4	2295
2	2296
3	2297
3	23
3	230
4	2300
3	2301
3	2302
4	2303
4	2304
4	2305
2	2306
4	2307
3	231
4	2310
3	2311
3	2312
3	2313
3	2314
3	2315
2	2316
4	2318
4	232
2	2320
3	2321
3	2322
2	2323
4	2324
3	2325
3	2327
3	2328
4	2329
4	233
4	2330
3	2331
3	2333
3	2334
3	2335
3	2336
3	2337
2	2338
3	2339
2	234
2	2340
3	2342
4	2344
3	2345
3	2346
3	2347
3	2348
3	2349
3	235
3	2350
3	2351
3	2352
3	2353
2	2354
3	2355
3	2356
4	2357
4	2359
3	236
3	2360
3	2361
2	2362
3	2363
2	2364
2	2365
3	2366
2	2367
2	2368
2	2369
3	237
3	2370
3	2371
2	2372
2	2373
3	2374
2	2375
3	2376
2	2377
2	2378
2	2379
3	238
1	2380
1	2381
1	2382
1	2383
3	2384
2	2385
3	2386
3	2387
4	2388
2	2389
2	239
3	2390
3	2391
1	2392
3	2393
3	2394
3	2395
3	2396
3	2397
3	2398
2	2399
3	24
3	240
2	2400
3	2401
2	2402
3	2403
2	2404
3	2405
3	2406
3	2407
2	2408
3	2409
3	241
3	2410
2	2411
2	2412
3	2413
3	2414
4	2415
2	2416
3	2417
3	2418
3	2419
3	242
3	2420
2	2421
2	2422
3	2423
3	2424
3	2425
3	2427
2	2428
3	2429
4	243
3	2430
3	2431
3	2432
3	2433
3	2434
3	2435
3	2436
3	2437
4	2438
3	2439
3	244
4	2440
3	2441
4	2442
4	2443
2	2445
1	2446
2	2447
2	2448
2	2449
3	245
1	2450
3	2451
3	2453
3	2454
3	2455
2	2456
3	2457
3	2458
3	2459
4	246
3	2460
3	2461
2	2462
3	2463
2	2464
4	2465
4	2467
2	2468
3	2469
3	247
3	2470
2	2471
3	2472
2	2473
3	2474
3	2475
2	2476
3	2478
2	2479
3	248
3	2481
3	2482
2	2483
3	2485
3	2486
3	2487
3	2488
3	249
3	2490
3	2491
3	2492
3	2493
4	2494
3	2495
3	2496
1	2497
2	2498
3	2499
3	25
3	250
2	2500
4	2501
3	2502
3	2504
2	2505
2	2506
1	2507
3	251
4	2511
3	2513
2	2514
2	2515
0	2516
3	2517
3	2518
2	2519
3	252
3	2520
2	2521
2	2522
2	2523
3	2524
2	2525
3	2526
3	2527
3	2528
3	2529
3	253
2	2530
2	2531
3	2532
2	2533
3	2534
2	2535
3	2536
2	2537
3	2539
3	254
3	2540
3	2541
4	2542
4	2545
2	2546
1	2548
2	2549
2	255
4	2550
3	2551
2	2552
4	2553
3	2554
0	2555
3	2557
2	2558
2	2559
2	256
3	2560
3	2561
5	2562
4	2563
3	2565
3	2566
3	2567
1	2568
4	2569
3	257
3	2570
4	2571
3	2572
5	2573
0	25737
2	2574
4	25744
3	2575
4	25750
4	25752
3	25753
3	25755
2	25763
4	25764
4	25769
3	2577
3	25771
4	25773
3	25774
3	25777
3	25788
3	2579
3	25792
4	25795
2	258
3	2580
5	25801
3	25805
3	25807
3	2581
3	2582
3	25825
0	25826
3	25827
4	25828
3	2583
3	25839
2	25841
3	25842
3	2585
3	25850
5	25852
4	25856
4	2586
4	25865
3	25868
2	2587
1	25874
4	25882
4	25886
3	2589
2	25891
3	25898
3	259
3	2590
3	25900
0	25901
3	25904
2	25906
3	25911
2	25916
3	25920
4	25929
3	25930
2	25937
3	2594
2	25940
4	25941
4	25945
4	25947
4	25952
3	2596
4	25962
2	25965
2	2597
3	25971
4	25972
2	2598
4	2599
2	25993
3	25995
4	25996
4	25999
4	26
4	260
3	2600
3	26003
3	26005
4	26007
0	26009
3	26010
3	26012
2	26013
2	26025
3	2605
3	26052
2	2606
3	2607
4	26079
4	26082
3	26084
3	26085
4	26086
3	2609
3	26093
5	26094
3	261
3	2610
3	2611
3	26111
3	26116
3	26117
3	2612
3	26122
3	26125
3	2613
4	26131
3	26133
4	26147
3	2615
5	26150
5	26151
4	26152
0	26157
2	2616
3	26160
4	26163
4	26164
3	2617
3	26171
4	26172
3	26176
3	26178
3	2618
3	26180
0	26188
3	26198
4	26199
3	262
4	2620
4	26208
3	2621
3	2622
4	26228
3	26229
3	26231
3	2624
4	26241
4	26242
4	2625
4	26251
4	26258
4	2626
3	26265
4	26268
5	2627
4	26271
3	2628
3	2629
3	26294
3	263
3	2630
3	26302
2	26303
3	2631
3	26313
2	26317
4	26318
2	26320
3	26322
4	26323
3	26324
4	26325
4	26326
3	2633
3	26338
3	2634
3	26342
3	26346
3	26349
4	2635
4	26350
5	2636
2	26366
4	2637
2	26371
2	26375
3	2638
3	26386
3	2639
2	26391
3	26393
3	26394
4	264
3	2640
4	26400
4	26403
2	26404
1	26409
3	2641
4	26413
3	26414
2	2642
5	26422
3	26425
2	2643
1	26430
2	26435
4	2644
3	26462
3	26464
1	26467
5	2647
2	26471
3	26472
4	2648
3	26480
0	26485
2	26487
5	2649
3	26492
3	26494
3	265
5	2650
5	26501
4	26505
4	26509
4	2651
2	26513
4	2652
4	26524
3	26528
2	2653
4	2654
4	26547
3	2655
4	26554
3	26555
3	2656
4	26562
2	26564
3	2657
4	26574
5	26578
2	26581
3	26585
4	26587
4	2659
5	26599
3	266
4	2660
3	26603
4	26606
3	2661
3	26614
3	2662
3	26622
3	26631
3	2664
3	26649
4	26655
3	26662
4	26663
3	2668
3	26680
4	26684
3	26686
2	26689
3	2669
3	26693
4	26694
3	26695
2	267
4	2670
1	26700
4	26701
4	26702
4	26704
3	2671
4	26712
3	2672
2	26726
4	26729
4	2673
4	26731
4	26732
4	26736
4	26737
3	2674
5	26749
3	26750
2	2676
3	2677
1	26775
3	26776
1	2678
3	26782
3	26784
3	26788
5	26791
5	26797
4	268
4	26809
3	2681
3	26810
4	26812
4	26819
4	2682
3	2683
3	26835
3	26838
3	26840
4	26842
5	26843
3	26850
4	26854
3	2686
4	26865
3	2687
1	26870
3	2688
3	26886
2	2689
3	269
4	2690
3	26903
2	2691
4	26915
4	2692
3	2693
3	2694
4	26947
3	2696
2	2697
4	26974
2	2699
2	26999
3	27
3	270
3	2700
3	27002
3	27005
2	2701
2	2702
3	27020
4	27022
2	27032
3	2704
3	2706
3	2707
2	27075
4	2708
2	2709
3	271
2	2710
3	27109
3	2712
2	2713
2	2714
2	2715
4	27156
3	2716
2	2717
2	27178
3	2718
4	27186
2	2719
2	27193
4	272
2	2720
4	2721
2	2722
3	2723
2	2724
3	2725
3	27251
4	27253
2	27255
4	2726
3	27266
3	2727
3	2728
3	2729
3	273
3	2730
3	2731
3	27317
3	2732
3	27322
4	27329
2	2733
3	27334
3	27338
3	2734
2	2735
1	27351
3	2736
3	27369
3	27373
0	27376
2	2738
3	2739
4	27397
2	274
2	2741
4	27410
4	27416
4	27423
3	27441
3	2745
3	2746
3	2747
2	27478
2	2748
1	27482
4	2749
2	275
3	2750
3	2751
4	2752
4	27523
2	2753
3	2754
4	27544
3	2755
4	27555
3	2757
4	2758
3	2759
5	27592
2	276
2	27604
3	2761
3	27611
4	2762
3	2763
4	2764
4	27646
1	27648
4	2766
3	27660
5	27664
1	2767
3	27674
1	27685
1	27689
2	2769
3	277
3	2770
4	27700
2	27704
3	27706
2	2771
4	27713
3	2772
3	27721
2	27722
5	27724
4	27727
4	27728
3	27731
4	2774
4	27741
3	2775
3	27751
3	2776
3	27768
2	27772
3	27773
3	27778
4	27783
2	27784
3	27788
3	2779
3	27790
5	27792
1	27793
1	27798
3	278
4	2780
3	27800
3	27801
4	27802
4	27803
2	27808
3	2781
4	27812
3	27815
2	27816
3	2782
3	27821
3	27822
5	27826
3	2783
3	27831
4	27834
3	27837
3	27838
1	27839
4	2784
4	27846
3	27850
3	27851
0	27857
2	2786
4	27867
3	27869
3	2787
3	27871
3	27873
4	27875
3	27876
3	27878
2	27879
4	2788
5	27882
2	2789
3	27899
2	279
2	2790
3	27904
3	2791
4	27912
3	2792
4	27922
2	2793
2	2794
3	2795
2	2796
3	2797
2	2798
1	2799
4	28
4	280
3	2800
3	2801
3	2802
3	2803
4	2804
3	2805
2	2806
2	2807
2	2808
1	2809
3	281
3	2810
3	2812
2	2815
1	2816
1	2817
3	2819
3	282
4	2820
2	2822
3	2824
2	2826
2	2827
2	2828
3	2829
3	283
3	2832
3	2835
3	2836
5	2837
4	2839
2	2840
3	2841
4	2843
3	2844
0	2845
3	2846
3	2847
4	2848
2	2849
4	285
2	2850
3	2851
3	2852
3	2853
4	2855
3	2856
3	2857
4	2858
4	2859
3	2860
3	2861
3	2862
3	2863
2	2864
3	2866
3	2867
3	2868
1	2869
3	287
3	2870
3	2871
3	2872
4	2874
3	2875
2	2876
3	2877
2	2878
3	2879
3	288
5	2880
3	2881
2	2882
3	2883
1	2884
3	2885
2	2886
2	2887
2	2888
3	2889
3	289
3	2890
2	2891
2	2892
4	2893
2	2894
5	2897
3	2898
3	2899
4	29
3	290
3	2900
3	2901
2	2902
1	2903
3	2904
3	2905
2	2906
3	2907
3	2908
2	291
3	2912
3	2913
3	2915
3	2916
4	2917
4	2918
3	2919
3	292
4	2920
3	2921
3	2922
4	2923
4	2924
4	2925
3	2926
4	2927
3	2928
3	2929
4	293
4	2930
4	2932
4	2935
4	2936
4	2937
4	2938
3	2939
3	294
3	2940
3	2941
3	2942
2	2943
3	2944
5	2945
3	2946
3	2947
3	2948
3	2949
3	295
2	2950
3	2951
3	2952
2	2953
3	2956
4	2959
4	296
3	2961
3	2962
3	2964
3	2966
3	2967
3	2968
3	2969
3	2970
4	2971
2	2972
4	2973
1	2974
4	2975
3	2976
3	2977
3	2978
2	2979
5	2981
5	2982
4	2983
5	2984
3	2985
2	2986
3	2987
4	2988
3	2989
3	299
3	2990
3	2991
4	2992
3	2993
1	2995
3	2996
3	2997
4	2998
3	3
4	30
3	300
4	3000
2	3001
3	3002
1	3003
2	3004
2	3005
3	3006
4	3007
3	3008
5	301
4	3010
3	3011
2	3013
3	3015
3	3016
3	3017
3	3018
3	3019
3	302
3	3020
5	3021
4	3022
3	3024
3	3025
2	3028
3	3029
3	303
4	3030
3	3031
3	3032
3	3033
3	3034
4	3035
4	3036
4	3037
5	3038
3	3039
3	304
3	3040
3	3041
2	3042
1	3043
3	3044
3	3045
2	3046
1	3047
3	3048
2	305
3	3051
3	3052
2	3053
2	3054
3	3055
3	3057
4	306
3	3060
3	3061
4	3062
3	3063
2	3064
3	3066
4	3067
4	3068
4	3069
4	307
3	3070
3	30707
4	3071
4	30712
3	3072
4	30723
3	3074
3	30745
3	30749
3	3075
2	3076
4	3077
3	3078
3	30783
3	3079
3	30793
4	308
3	30803
3	3081
3	30810
3	30812
3	30816
2	30818
3	3082
3	30820
3	30822
3	30825
4	3083
3	30846
2	30848
4	30850
4	3086
4	30867
3	3087
4	3088
2	30883
4	3089
3	30892
2	30894
3	30898
5	309
3	3090
4	3091
3	3093
2	3094
4	3095
3	3096
3	3097
3	3098
2	3099
3	31
3	3100
2	31000
3	3101
3	3102
4	31026
3	3103
3	31035
3	3104
3	3105
3	3106
3	3107
3	3108
4	3109
3	3110
4	31101
3	31104
3	31109
4	3111
4	31114
3	31116
5	3112
2	3113
3	3114
3	3115
3	31150
3	31156
4	3116
2	31162
3	3117
3	3118
4	31184
4	31193
3	312
3	3120
3	3121
3	3122
2	31221
4	31225
3	3125
2	3127
3	31270
3	3128
3	31284
4	3129
0	31290
2	313
2	3130
4	3133
4	3134
3	3135
3	3136
2	31364
2	31374
3	3138
3	314
4	3140
4	31408
3	3141
3	31410
5	31413
3	3142
3	31420
2	31422
4	31427
4	3143
1	31431
4	31433
4	31435
4	31437
2	3144
2	31445
3	3145
2	3146
3	3147
3	3148
2	315
4	3150
2	31502
3	3152
2	31522
4	31524
4	3153
4	31547
4	31549
3	3155
2	3156
3	3157
3	3158
3	3159
3	316
3	3160
3	3161
3	3163
5	3165
4	31658
4	3166
4	31660
4	3167
3	3168
4	31682
3	31685
4	31689
3	3169
2	31694
3	31696
2	317
2	31700
4	3171
1	31724
2	3173
3	31737
3	3174
0	31747
3	3175
3	3176
3	3177
3	31770
3	3178
3	3179
4	318
2	3180
3	31804
3	3181
3	3182
3	3183
3	3185
3	3186
3	31878
3	3188
3	3189
3	319
1	3190
5	31903
4	3192
4	31921
4	31923
4	31930
3	3194
3	31952
2	31956
3	3196
3	31963
3	3197
5	31973
3	3198
3	3199
3	32
2	320
4	3200
4	3201
3	32017
2	32019
5	3202
3	32022
4	32025
3	32029
3	3203
3	32031
3	3204
3	3205
2	3206
3	3207
3	32078
1	3208
3	321
3	3210
4	3211
3	3213
4	32139
4	3214
0	32153
5	3216
3	32160
4	3217
1	32170
2	32174
3	3218
3	3219
3	322
4	32203
4	3221
3	32211
3	3223
4	32234
3	3224
2	3225
2	32280
5	32289
2	32291
2	32296
3	32298
2	32302
4	3232
3	32349
3	3235
3	32352
3	32369
3	32371
2	3238
4	32381
4	32387
4	3239
3	32395
3	324
2	3240
3	3241
2	3243
3	3244
3	32444
4	3245
3	32456
3	3246
5	32460
3	32464
4	32469
3	3247
2	3248
3	3249
3	325
2	3250
3	3251
5	32515
3	3252
5	32525
3	3253
3	3254
3	3255
4	32554
3	3256
4	32562
2	3257
2	3258
4	32582
3	32587
3	3259
4	32591
3	32596
3	32598
4	326
3	3260
3	3261
3	3262
3	3263
4	32632
2	3264
4	3265
3	3266
1	32666
3	3267
1	3268
3	32686
2	3269
2	327
3	3270
3	3271
3	3272
3	32728
2	3273
4	32735
3	3274
3	32743
3	3275
1	3276
4	32797
3	328
5	3281
4	3282
4	32825
3	3284
4	32840
0	32844
3	3285
3	32853
2	3286
3	3287
2	32882
4	3289
4	32892
4	32898
3	329
3	32914
3	3292
2	3294
4	32943
3	3296
3	3298
2	3299
2	330
3	3300
3	33004
3	3301
4	3302
3	33021
1	3303
3	3304
4	3306
4	3307
3	3308
2	33085
4	3309
3	331
4	3310
3	33124
3	3313
4	33138
2	3314
3	33145
3	33154
1	33158
2	3316
2	33162
1	33164
4	33166
3	3317
4	33171
3	3318
3	332
4	3320
2	3324
3	3325
2	3326
3	3327
3	3328
4	3329
3	33296
3	333
3	3330
4	3331
4	33312
3	3334
4	33358
1	3338
3	33380
3	3339
3	334
2	3340
3	3341
4	3342
2	3343
3	33437
3	3344
4	3347
4	3349
3	33493
2	33495
2	33499
3	335
3	3350
3	3351
2	3354
3	3355
3	33558
4	3357
3	3358
3	33587
4	3359
2	33592
3	336
3	3360
3	3361
3	33615
4	3362
3	33621
4	3363
3	33639
3	3364
3	33646
3	3365
3	33660
3	33669
3	33672
3	33679
4	3368
1	33681
2	33683
1	33688
3	337
4	3370
3	3371
4	33750
3	33760
3	3377
3	3379
3	33794
2	338
2	3380
2	33817
4	33826
2	33830
3	33834
2	33836
3	33838
4	3384
2	3385
3	3386
3	3387
2	3388
2	33880
2	33896
3	339
1	3390
4	33903
3	3391
4	33912
4	33917
2	3392
2	3393
3	3394
2	3395
3	3396
3	3397
3	3398
3	3399
3	34
3	340
2	3400
2	34002
2	3401
3	34018
4	3402
3	3404
2	34048
3	3405
4	3406
3	34072
3	3408
3	3409
4	341
3	3412
2	34129
4	3414
2	34143
3	3415
2	34150
4	34153
3	34162
4	34164
4	3417
3	3418
3	34198
3	342
3	3420
3	3421
3	3422
4	3423
3	3424
3	3425
3	3426
1	3427
2	34271
3	3428
4	3429
3	343
2	3430
2	3431
3	34319
1	3432
3	34321
3	34323
4	34326
3	34332
2	34334
3	34336
4	34338
4	3434
4	3435
3	34359
2	3436
3	34364
5	3437
2	3438
2	3439
2	344
1	3440
3	34405
2	3441
2	3442
4	34435
3	34437
2	3444
2	3445
3	3446
5	3447
3	3448
3	3449
3	345
3	3450
3	3451
3	3452
2	34520
2	34523
4	34528
3	3453
1	34530
3	34532
2	34534
4	34536
4	3454
3	34542
3	34552
4	3456
3	3457
3	34583
4	3459
3	346
3	3460
3	34608
3	3461
4	3462
1	3463
4	3465
3	3466
3	3467
4	3468
4	3469
3	347
4	3470
3	3471
4	3474
4	3475
3	3476
3	3477
3	3478
3	3479
3	348
3	3480
3	3481
3	3483
2	3484
3	3487
3	3489
3	349
3	3490
4	3491
4	3492
3	3494
4	3495
3	3496
3	3497
3	3498
3	3499
3	35
3	350
3	3500
3	3501
4	3502
3	3503
4	3504
3	3505
3	3506
3	3507
4	3508
3	3509
3	351
3	3510
2	3511
3	3512
3	3513
3	3515
3	3516
2	3518
3	3519
3	352
2	3520
3	3521
2	3522
3	3524
3	3525
3	3526
3	3527
2	3528
3	3529
3	353
2	3531
2	3534
3	3535
3	3536
2	3537
3	3538
4	3539
3	354
3	3540
3	3543
3	3544
3	3545
3	3546
3	3547
3	3548
3	3549
2	355
3	3550
3	3551
3	3552
4	3553
3	3554
2	3555
3	3556
3	3557
3	3559
4	356
4	3560
1	3563
2	3564
3	3565
3	3566
2	3567
3	3568
3	3569
3	357
2	3571
1	3572
2	3573
0	3574
5	3575
4	3576
3	3577
3	3578
2	3579
2	358
5	3580
4	3581
3	35836
3	3584
4	3587
4	3588
2	3590
3	3591
1	3593
3	3594
3	35957
1	3596
3	3598
3	3599
3	36
2	360
3	3600
2	3602
3	3604
1	3605
4	3606
3	3608
4	3609
3	361
3	3611
5	3612
3	3613
3	3614
3	3615
3	36152
2	3616
3	3617
3	3618
3	3619
3	362
3	3620
3	3621
4	3622
2	3623
3	3624
3	3626
4	3627
3	36276
4	3628
2	36289
4	3629
4	363
4	3632
3	3633
3	3634
3	3635
4	3637
3	3638
3	3639
1	36397
3	364
3	3640
2	36401
3	3643
1	3646
3	3649
3	365
2	36509
3	36517
3	36519
3	36525
4	36527
3	36529
4	3653
2	36533
3	36535
4	3654
4	3655
3	36553
5	3656
4	3657
3	3658
3	3659
3	366
3	3660
3	3661
3	3662
3	3663
3	3664
4	3665
3	3668
2	3669
3	367
3	36708
3	3671
3	3672
3	3673
3	3674
3	3675
3	3676
4	3677
3	3678
4	3679
3	368
3	3680
3	3681
2	3682
4	3683
3	3684
3	3685
3	3686
3	3687
2	3688
2	3689
3	369
2	3690
2	3691
3	3692
3	3693
5	36931
2	3694
2	3695
4	3696
2	3697
3	3698
3	3699
2	37
3	370
3	3700
3	3701
3	3702
3	3703
3	3704
2	3705
3	3706
3	3707
3	3708
2	3709
3	371
3	3710
3	3712
3	3713
3	3714
3	3715
3	3716
2	3717
3	3718
2	3719
3	372
3	3720
1	3721
2	37211
3	3723
4	3724
3	37240
3	3725
2	3726
3	3727
1	37277
3	3728
4	3729
4	373
4	3730
4	3731
3	3732
3	3733
3	3734
4	3735
3	3736
5	3737
3	3738
2	37380
3	37382
3	37384
2	37386
4	3739
2	374
3	3740
3	3741
3	3742
3	3743
2	3744
3	3745
5	3746
3	3747
4	37475
2	37477
3	375
3	3751
2	3752
3	3753
2	3754
2	3755
5	3757
3	3758
3	3759
3	376
3	3760
3	3761
3	3763
2	3764
2	3765
3	3766
3	3768
3	3769
3	377
3	3770
3	3771
3	37720
2	37727
3	37729
2	3773
3	37731
3	37733
3	37736
3	37739
2	3774
3	37741
3	3775
2	3777
3	37785
3	378
2	3780
3	3783
3	37830
3	3784
2	3785
3	37853
3	37855
4	37857
3	3786
3	3787
3	3788
4	3789
3	379
4	3790
3	3791
4	3792
3	3793
3	3794
4	3795
3	3798
1	3799
2	38
3	380
2	3800
3	3801
2	3802
3	38038
3	3804
4	3805
2	3806
3	38061
3	3807
3	3809
3	381
2	3810
3	3811
3	3812
2	3813
4	3814
3	3816
3	3819
3	382
1	3820
2	3821
1	3822
3	3823
2	3824
2	3825
2	3826
2	3827
2	3829
3	383
4	38304
3	3831
3	3832
3	3833
3	3834
2	3835
3	3836
5	3837
2	3838
3	38384
1	3839
3	384
4	3840
2	3841
3	3843
3	3844
5	3845
3	3846
3	3847
4	3848
4	3849
4	38499
5	3851
3	3852
4	3854
3	3855
2	3857
3	3858
3	3859
3	3860
3	3861
2	3863
2	3864
2	3865
3	3868
3	3869
3	387
3	3870
3	3871
4	3872
3	3873
2	3875
2	3877
5	3879
3	38798
3	388
4	3880
2	3882
0	3883
3	3885
3	3886
3	38886
1	3889
4	389
3	3890
1	3891
3	3892
2	3893
1	3895
3	3896
3	3897
3	38992
2	38994
3	39
4	390
3	3900
2	3901
4	3902
3	3903
4	3905
3	39052
4	3906
2	3908
5	3909
3	391
3	3910
3	3911
3	3913
3	3914
4	3915
3	3916
3	3917
3	3918
3	39183
2	3919
2	392
3	3920
2	3921
3	3922
4	3923
3	39231
4	39234
3	3924
3	3925
3	3926
3	3927
3	3928
3	3929
3	39292
2	393
3	3930
3	39307
3	3932
0	3933
4	3934
3	3936
2	3937
4	3938
3	39381
3	3939
3	39398
3	3940
0	39408
4	3941
4	39414
5	39416
2	39419
3	3942
4	39427
4	3943
3	39435
3	39444
3	39446
4	3945
2	3946
5	3947
3	3948
3	3949
3	3950
3	3951
4	3952
2	3953
2	3955
2	3956
2	3957
3	3959
3	3960
2	3961
2	3962
3	3963
3	3964
3	3965
3	39659
4	3966
3	3967
2	3968
2	3969
3	3970
4	3971
3	39715
3	3972
2	3973
2	3975
4	3976
4	39768
2	3977
3	39779
3	3978
1	3979
3	3980
2	3981
4	3983
3	3984
3	3985
2	3986
4	39869
2	3987
2	3988
4	3989
1	3990
1	3991
3	3992
3	3993
3	3994
4	39941
3	3996
1	3997
2	3998
2	3999
2	4
3	40
3	4000
2	4001
3	4002
3	4003
3	4005
3	4006
3	4007
3	4008
4	4009
4	401
3	4010
4	4011
2	4012
3	4014
4	40148
2	4015
3	4016
4	4017
3	4018
3	4019
3	4020
3	4021
3	4022
5	40226
3	4023
3	4024
2	4025
1	4026
3	4027
3	40278
3	4029
3	4030
2	4031
3	4033
2	40339
3	4034
4	4035
3	4036
4	4037
3	4039
2	4040
3	4041
4	40412
4	40414
3	4042
3	4043
2	4045
4	4046
3	4047
3	4048
4	40491
2	405
0	4051
2	4052
2	4053
3	4054
2	4055
3	4056
3	40574
4	40581
3	40583
2	40597
4	4060
3	4061
3	40614
3	4062
3	40629
3	4063
3	4066
1	4067
3	4068
2	4069
3	407
3	40723
1	4073
3	40732
5	4076
4	4077
4	4079
3	408
2	4080
3	4081
3	40815
2	40817
3	40819
1	4082
2	40826
2	40833
2	4084
3	4085
2	40851
4	4086
3	40870
5	4088
3	4089
2	409
2	4090
3	4091
2	4092
4	40946
4	4095
1	40959
3	4098
4	41
3	410
4	4101
3	4102
4	4103
0	4104
3	4105
3	4106
4	4108
2	4109
3	4111
5	4114
3	4115
3	4116
3	4117
3	412
3	4121
4	4122
3	41226
3	4123
1	4124
2	4126
3	4128
3	41285
2	413
2	4130
4	4131
3	4132
3	4133
4	41336
3	4135
2	4136
2	4139
2	414
5	4140
3	4141
2	4142
1	4143
4	4144
2	4146
3	4148
2	4149
2	415
4	4151
4	41527
2	4153
3	4155
2	4156
3	41566
3	41569
3	41571
5	41573
1	4158
2	4159
3	416
3	4161
1	4162
3	4166
2	4167
3	4168
4	4169
3	417
4	4171
3	41714
3	41716
3	4173
3	4174
3	4175
3	41769
3	4177
3	4178
4	4179
3	418
4	4180
4	4181
3	4183
3	4184
4	4185
3	4186
3	41863
3	4187
3	4188
4	4189
2	419
4	4190
3	4191
4	41912
3	4194
4	4195
4	4197
3	4198
3	41997
2	42
2	420
3	4200
2	42002
4	42004
2	42007
3	42009
5	4201
2	42011
1	42013
2	42015
2	4203
3	4205
2	4207
1	4208
3	421
3	4210
3	4211
3	4212
3	4213
3	4214
1	4215
3	4216
4	42163
3	4217
4	4218
3	4219
4	42191
3	42197
3	422
3	4220
3	4221
3	4222
3	4223
2	4224
3	4225
4	4226
3	4228
3	4229
3	423
3	4231
2	4232
2	4233
3	4234
4	4235
4	42351
3	4236
3	4237
3	4238
3	4239
3	424
2	4241
3	42418
3	4246
2	4247
2	4248
3	425
4	4251
5	4252
2	4254
1	4255
3	426
3	4262
4	4263
3	42632
0	4265
3	4266
3	4267
4	42677
2	4268
3	42681
2	427
2	4270
3	4271
3	42718
1	42721
2	42723
3	42725
3	42728
4	4273
3	42730
3	42732
3	42734
3	42738
2	4274
2	42740
2	4275
3	4276
4	4277
3	4278
1	42783
3	4279
3	428
3	4280
3	4281
3	4282
3	4284
2	429
3	4290
5	42900
2	4291
3	4292
2	4293
4	42935
3	4294
3	42946
3	42958
2	4296
4	4297
3	4298
3	4299
3	43
2	4300
5	4302
4	4304
2	4305
3	4306
3	4308
3	431
2	4310
3	4312
2	4316
2	4317
1	43177
2	4318
3	4319
2	432
3	4321
3	4322
3	4324
4	4326
5	43267
3	4327
3	4329
2	433
2	4332
3	4333
4	43333
3	4334
3	43351
3	4337
3	43376
4	4338
3	4339
3	43391
3	43396
3	434
2	4340
2	43419
5	4342
2	4343
2	4344
3	4345
3	4347
4	4349
2	435
1	4350
3	4351
3	4352
4	4353
4	4354
2	4355
3	43556
2	43558
3	4356
3	43560
3	4357
3	4359
2	436
3	4360
3	4361
4	43635
3	4366
2	4367
4	43679
2	4368
3	4369
2	437
2	4370
3	43708
2	4371
3	4372
4	43744
4	4375
3	4378
3	438
3	4380
3	4381
2	4383
3	43832
2	43836
3	43838
4	4384
1	4386
4	43869
2	4387
2	43871
2	4388
3	4389
3	43899
1	439
3	4390
2	43904
3	43908
4	4391
4	43910
3	43917
1	43919
2	4392
4	43921
2	43928
3	43930
2	43932
2	43936
2	4394
3	4396
3	4397
1	4399
2	44
3	440
2	44004
4	4401
2	4402
3	44022
3	4403
3	4404
4	4405
3	4406
4	4407
2	44073
2	4409
3	441
4	4410
3	4411
3	4414
3	4415
2	4417
4	44191
2	44193
3	44195
4	44197
3	44199
2	442
3	4420
3	44204
4	4422
3	44225
3	4424
4	44245
4	4426
4	4427
5	4428
2	443
4	44301
2	44317
3	4432
2	4433
4	4437
4	4438
2	44397
3	444
3	4440
2	4441
5	4442
4	44421
4	4443
4	4444
1	4445
3	4446
2	4447
3	4448
3	445
4	4450
2	4451
4	44511
2	4452
2	4453
4	4454
3	44555
3	4458
4	44587
5	4459
2	44597
4	446
3	44613
3	4462
4	44633
3	4464
3	4465
5	4466
3	44665
3	4467
3	44671
4	4469
3	44694
4	447
4	4470
3	44709
0	4471
3	44717
4	4473
4	44731
2	4474
4	4475
1	44759
3	44761
1	4477
3	4478
4	44788
4	4479
3	448
3	4480
2	4482
1	44828
2	4483
3	44840
3	44849
2	4486
2	44864
2	4487
2	4488
3	4489
3	449
3	4490
2	4491
2	44911
2	4492
4	4493
2	4495
3	4496
2	44972
3	44974
4	4498
3	4499
3	45
3	450
4	4500
4	45000
3	4501
1	4502
3	45028
3	4503
3	4506
2	45062
3	4508
2	45081
3	4509
3	451
2	4511
3	4515
3	4516
4	45172
3	45179
4	4518
3	45183
3	45186
3	4519
4	452
2	4520
1	45208
4	4521
3	45210
5	4522
2	45221
3	4523
4	4524
2	4526
3	4527
2	4528
2	4529
2	453
1	4531
1	4532
3	4533
3	4534
3	4535
4	4537
1	4538
3	45382
3	4539
3	454
3	4541
3	4543
2	45431
2	4544
3	45440
3	45442
2	45447
3	4545
3	4546
3	45499
2	455
2	4550
2	45501
4	45506
3	45517
4	4552
3	45521
4	4553
2	4555
3	4557
2	4558
1	4559
3	456
3	4560
4	4561
3	4562
2	4563
2	4564
5	4565
3	4566
1	45662
2	45666
3	45668
5	4567
2	45672
4	45679
4	4568
1	4569
3	457
4	4570
3	4571
3	4572
3	45720
3	45722
2	45726
3	45728
4	4573
2	45730
2	45732
4	4577
2	4578
3	458
2	45837
5	4584
3	4585
2	4587
2	45880
4	4589
3	459
3	4590
5	4591
1	4592
3	45928
2	4593
4	45942
3	45950
3	45969
4	45987
3	46
2	460
4	4600
3	4602
2	4603
1	4605
2	4606
3	46062
4	4608
3	461
3	4610
4	4612
2	4614
1	4615
3	4616
5	4617
2	4618
3	4619
2	4621
3	4622
3	4623
2	4624
2	4625
5	4626
2	4627
3	4628
2	4629
3	463
3	4630
5	4632
4	46322
2	46335
1	46337
3	4634
4	46347
2	4636
2	4638
2	4639
3	464
2	4640
3	4641
4	4642
2	4643
3	4644
4	4645
2	4649
3	465
2	4652
2	46530
1	4654
4	46544
3	4655
4	46559
3	46561
0	46574
3	46578
3	4658
4	4659
3	466
4	4660
3	4661
3	4662
4	4663
3	4664
1	4666
3	46664
2	4667
3	467
3	4670
3	46723
2	4673
1	4674
2	4675
2	4676
2	4677
2	46772
3	4678
3	4679
3	468
2	4680
3	4681
3	4682
0	4684
3	46850
3	46855
1	4686
1	46865
1	4687
4	4688
3	469
2	4690
2	4691
4	46919
3	4692
3	46948
4	4696
2	46965
2	46967
3	4697
3	46970
3	46972
2	46974
3	46976
4	4698
3	4699
4	47
2	470
3	4700
3	4701
3	4703
3	4704
2	47044
3	4705
4	4706
3	4709
4	47092
3	47099
3	471
3	4710
5	4711
4	47122
2	47124
3	4713
2	4714
4	47148
4	47152
1	4716
5	4717
2	4718
2	4719
1	47196
3	472
3	4720
3	47200
4	47202
2	4721
4	4722
3	4723
5	4724
4	4725
3	47254
3	47261
2	4727
4	47274
2	4728
3	47287
1	473
5	4731
2	4732
4	4733
1	47330
3	4734
2	4735
1	4736
2	4737
4	4738
3	47382
2	47384
3	474
2	4740
4	47404
4	4741
2	47423
3	4743
2	4744
1	4745
3	47465
1	4748
1	4749
3	47491
3	47493
4	475
1	4750
4	4751
3	47518
3	4752
0	4753
4	4754
5	4755
1	4756
2	4757
4	476
3	47606
3	4761
3	47610
3	47629
2	47640
3	4765
4	4766
3	4767
2	4768
3	4769
3	477
3	4770
4	4771
3	47714
3	4772
3	47721
5	47728
3	4774
1	4775
3	4776
1	47810
0	47815
2	4782
4	4783
2	4784
3	4787
5	4789
2	47894
3	479
2	4792
3	47937
3	4795
2	47950
3	47952
5	4796
4	47978
3	4798
3	4799
3	47997
3	47999
2	48
3	480
3	4800
4	4801
4	4802
3	4803
4	48032
3	4804
3	48043
3	4806
4	48061
3	48082
3	4809
3	481
4	4810
4	4811
3	4812
3	4814
3	48142
3	4815
3	48159
3	4816
4	48165
2	4818
3	48198
2	482
4	4821
5	4822
3	4823
3	48231
3	4826
3	48262
4	48268
2	483
3	4830
4	48301
4	48304
3	4831
2	48319
3	4832
3	48322
4	4833
2	4834
3	4835
3	4836
2	4837
3	48385
3	48394
2	484
2	4840
3	48414
4	4842
3	4844
3	4846
3	4848
3	4849
2	485
4	48501
4	4851
4	48516
3	48518
4	48520
0	48522
2	4854
3	4855
3	48560
3	4857
1	4859
0	48591
4	48593
3	48596
2	486
4	4861
3	4862
4	4863
3	4865
2	4866
1	48660
3	4867
5	48682
3	48696
4	48698
3	487
4	4873
4	48738
3	4874
3	48741
3	48744
1	4875
1	4876
3	48774
4	4878
4	48780
3	48783
5	48791
3	488
3	4880
3	4881
3	48817
2	4885
3	48856
3	4886
3	4887
3	48872
2	48877
3	4888
3	4889
2	489
2	4890
3	4893
2	4895
3	4896
3	4897
1	48972
3	4898
3	48982
3	4899
3	48997
4	49
3	490
3	4901
1	49013
3	4902
4	4903
3	491
3	4911
3	4912
4	49132
4	4914
3	4915
3	492
4	4920
3	4921
3	49220
3	49225
4	4923
2	4925
4	49265
4	4927
3	49272
2	49274
3	49278
4	4928
5	49280
3	49284
3	49286
2	4929
4	49299
3	493
5	4930
3	49314
3	4932
3	4933
3	4936
3	49394
3	49396
3	494
3	4941
5	4945
3	4947
1	4948
2	4949
3	495
2	4951
2	4952
3	49526
2	49528
4	49530
2	4954
3	4956
4	4957
2	4958
2	496
4	4960
3	4961
3	4963
4	4964
3	49647
2	49649
3	4965
3	49651
3	4967
2	4968
4	49688
3	4969
3	497
3	4970
3	4971
3	4972
4	4973
2	4974
3	4975
3	4976
3	4977
3	49772
3	4978
3	4979
2	498
3	4980
4	4981
4	49817
3	49822
3	49824
1	4984
3	4987
3	4988
2	4989
3	499
3	4990
4	49902
2	49910
2	4992
4	4993
3	49932
3	4994
3	4995
4	49957
2	4996
3	49961
3	4998
4	4999
3	5
4	50
3	500
3	5000
2	50005
3	5001
4	50011
2	5002
3	5003
3	5004
3	50064
4	50068
3	5008
3	5009
4	501
3	5010
1	5012
3	5013
3	5014
2	50147
3	5015
2	5016
4	50160
3	50162
4	5017
3	5018
3	50189
2	502
3	5021
4	5022
4	5023
4	50245
2	5025
4	50259
2	5026
2	5027
4	5028
2	5033
3	5034
4	5038
2	5039
3	504
3	5040
3	5041
1	5042
3	5043
2	50442
3	50445
3	5046
2	5047
2	5048
3	5049
2	505
3	5051
4	50514
3	5053
3	5054
3	5055
4	5056
2	5057
3	50583
4	5059
3	506
3	5060
2	50601
1	5061
5	5062
2	5063
3	5064
4	50641
2	5065
3	50651
4	50658
3	5066
3	50685
3	5069
3	507
5	50703
5	5071
2	5072
3	5073
3	5074
4	50740
4	50742
4	5075
3	5076
3	5079
2	50792
3	50794
1	50798
3	508
2	5080
3	50802
2	50804
1	50806
3	5081
4	5083
4	50842
3	5085
3	50851
3	5087
3	50872
4	5088
3	509
3	50912
3	5092
3	50923
2	5093
1	5094
3	5095
3	50954
3	5096
3	5097
3	5098
3	5099
2	510
5	5101
4	5102
3	5103
4	51044
3	5105
2	5106
3	5107
2	51077
3	5108
3	51080
3	51084
3	51086
4	51088
3	5109
4	51091
3	51094
3	511
3	5110
3	5111
4	51127
4	5114
0	5117
4	51174
4	5119
3	512
3	5120
2	51207
4	5121
4	5122
2	5125
3	51255
2	5127
4	51277
2	5128
2	513
0	51304
3	5134
3	5135
4	51357
4	5137
1	51372
4	51380
3	5139
3	514
3	5141
3	51412
1	51418
4	5142
3	5146
4	5147
5	51471
4	515
2	5151
3	5152
3	5153
3	51540
1	51575
3	5159
2	516
4	5161
4	5164
3	5165
3	51662
4	5167
4	5168
3	51698
3	517
2	5170
3	51705
4	51709
2	5171
2	5172
4	5177
3	51773
3	5179
2	518
3	5180
3	5182
3	51834
2	5186
4	5187
3	51884
2	519
2	51925
3	51927
3	5193
4	51931
4	51935
2	51937
2	51939
4	5198
3	5199
3	52
3	520
2	5202
4	5203
3	5205
4	5208
3	521
3	5210
3	5214
3	5218
3	5219
2	522
2	5220
3	5222
1	5223
1	5224
3	52241
3	52245
3	5225
3	5226
1	5227
3	52281
3	52287
5	5229
3	523
4	5230
4	5231
4	52319
4	5232
3	52328
4	5233
4	5234
1	5236
2	5237
2	52378
4	5238
3	524
1	5241
1	5242
4	5243
3	52435
5	5244
3	52456
3	52458
1	5246
2	52460
3	52462
2	5247
1	5248
3	5250
4	52528
2	5254
4	52545
2	5255
2	5256
3	52579
4	5258
1	526
3	52604
3	52606
5	52617
5	5264
2	52644
3	5265
3	5266
3	52666
4	52668
3	5267
3	5269
2	52694
4	527
4	5271
3	52712
3	52717
2	52722
2	52730
3	5275
4	5276
4	52767
2	5277
0	5278
1	5279
2	528
3	5282
2	5283
4	52831
3	5285
4	5288
4	52885
3	529
3	5291
4	52913
3	5292
3	5293
2	5294
4	52950
4	52952
2	5296
3	52967
4	5297
3	52973
3	52975
3	5298
3	5299
5	53
4	5300
3	53000
5	5301
3	5302
4	53024
2	5303
0	53038
3	5304
3	5305
3	5307
3	5308
2	5309
3	531
3	5312
3	53121
3	53123
3	53125
4	53129
2	5313
2	53133
4	53138
3	5315
3	5316
4	53189
4	5319
3	532
3	53207
1	5323
4	5324
4	5325
3	5329
3	533
3	53318
3	53322
2	53326
4	5333
2	5334
2	5335
3	5337
3	5339
4	534
4	5341
2	5342
3	5343
3	53435
4	5344
4	53447
3	5346
2	53460
1	53464
2	53466
3	53468
3	5348
3	5349
3	535
3	53519
1	5352
2	5353
3	5354
3	53550
0	5356
3	5357
3	5359
2	536
2	5360
3	5361
1	5363
3	5364
3	5365
1	5366
4	5367
3	537
3	5372
3	5373
0	53737
3	5375
3	5377
3	5378
4	5379
3	538
4	5380
3	5382
4	5383
4	5384
3	5385
3	5387
3	5388
4	53883
5	53887
3	5389
2	53894
3	539
4	5391
1	5395
3	53953
3	53956
3	53972
2	53974
4	5398
1	53993
3	53996
2	53999
3	54
2	540
3	5400
3	54001
2	54004
3	5401
3	5404
4	541
1	5410
0	5413
3	5414
3	5415
1	5416
3	5417
3	5418
2	5419
3	54190
2	542
2	5420
3	5421
4	5422
4	54220
2	5425
5	54251
4	54256
3	54259
5	5427
1	54270
3	54272
3	54276
3	5428
4	54281
3	54286
0	54290
3	543
5	54328
2	5433
3	54331
3	5434
4	54372
2	5438
2	544
4	5440
3	54419
3	54426
2	5443
3	5444
3	5445
4	5446
3	5447
2	5448
2	5449
2	5450
3	54503
4	54513
1	5452
1	5458
3	5459
1	546
3	5460
1	5462
2	5463
3	5464
2	54648
1	5466
3	547
3	5470
3	5471
5	5473
2	54732
4	54734
4	54736
3	54745
4	5475
0	54768
3	5477
3	54771
3	54775
2	5478
2	54780
4	54785
4	54787
3	5479
3	548
3	5480
2	5481
3	5483
4	54881
3	5489
4	549
4	5490
0	54910
4	5498
3	54995
4	54997
3	54999
3	55
3	550
3	5500
3	5501
3	5502
1	5503
4	55031
1	5504
3	5505
3	55052
3	5506
4	55063
4	55069
2	5507
3	55071
4	55078
3	5508
3	55094
3	551
4	55100
3	55110
4	55116
3	55118
3	5515
4	55156
1	5516
2	55167
1	5517
4	5518
3	552
4	55207
0	5521
4	5522
1	5523
2	55232
3	5524
3	55245
3	55247
4	5525
2	55250
4	55253
2	55259
2	55261
3	55267
3	55269
2	5527
4	55272
4	55274
3	55276
3	5528
3	55280
3	55282
3	55290
2	55294
3	553
2	5530
2	5531
4	5534
1	5535
3	55363
3	5538
3	5539
3	554
3	5540
2	5541
3	55417
3	5544
4	55442
2	55444
4	55451
3	5548
3	55498
3	555
2	5553
5	55555
1	5556
4	55566
2	55577
2	5558
3	556
4	5560
4	5561
2	5562
2	5564
3	55652
3	5568
3	55684
3	55687
3	5569
3	5570
2	5572
3	55721
2	5573
2	55732
3	5574
1	5575
2	55757
3	55765
2	55768
3	5577
2	558
3	55805
2	5581
3	55814
2	5582
4	55820
2	55830
1	5585
3	55851
3	55872
2	5588
3	55895
5	559
3	55908
2	5597
3	5599
2	55995
3	55999
2	5600
2	56003
3	5601
3	5602
4	5603
3	56030
4	5604
4	5605
2	56069
4	5607
1	56079
4	5608
2	5609
3	56095
3	561
3	5611
4	5612
3	5613
3	56145
1	5615
3	56152
2	56156
3	56169
3	5617
3	56171
3	56174
1	56176
4	5618
3	5619
3	562
3	5620
2	5621
4	5622
2	5625
3	56251
4	56274
3	5628
3	56286
4	5629
3	563
3	5630
4	5632
4	5633
3	56333
1	56336
3	56339
3	5636
3	56367
1	5637
3	5638
3	564
4	5641
4	5642
2	5643
2	5644
3	5646
3	5649
4	565
3	5650
3	5651
3	5655
3	56563
3	56587
4	56607
4	5662
3	5663
4	56633
2	5666
3	5667
3	5668
3	5669
4	567
4	5670
4	56715
0	5672
3	5673
3	5675
3	56757
3	5677
3	56775
2	5678
4	56782
3	56788
3	5679
3	568
3	5680
1	56801
3	56805
3	5682
2	5684
3	5685
3	5686
5	56869
3	56885
4	5689
2	569
4	5690
4	56908
2	5691
2	56915
3	56921
3	5693
2	5694
3	56941
3	56949
4	5696
4	5699
3	57
0	5700
3	5703
5	57038
3	5705
3	5707
4	571
2	5710
3	5712
2	5715
3	5718
0	57223
4	5723
4	57243
3	57274
2	5729
1	573
4	5732
2	57326
2	5734
3	5735
4	57353
2	5736
3	57368
2	5737
3	574
3	57401
3	57418
4	5742
3	57430
4	5745
3	57453
4	5746
3	5747
3	575
3	57504
2	5752
2	57526
3	57528
1	57532
2	5754
3	57640
5	5765
3	57669
3	5768
2	577
4	5772
3	5773
4	5777
2	5778
2	5779
3	57792
3	5780
4	5782
2	5784
4	57845
3	5785
2	5787
1	5788
3	5791
2	57910
2	5792
3	5795
3	57951
3	5796
4	57972
3	57980
4	5799
4	58
3	580
4	5801
2	58025
4	58029
2	5803
3	58047
2	5808
2	5809
4	581
3	5810
3	58103
2	58105
1	58107
4	5812
0	58146
1	5815
3	58154
2	58156
3	5816
4	5818
3	5819
4	58191
4	582
3	5820
4	5825
4	5826
5	5828
3	5829
1	58293
3	58295
2	58297
3	58299
3	5830
4	58301
4	58303
3	58306
2	58315
0	5832
3	5833
3	5834
3	58347
4	58351
4	5836
4	58365
3	58376
4	5839
4	5840
2	5841
4	58425
4	5843
3	58432
4	5846
3	5847
3	585
0	5850
4	58520
3	5853
4	5854
3	58554
4	58559
1	5857
2	5859
3	586
3	58627
0	5864
5	58649
1	58655
5	5866
3	5867
4	5868
4	5869
3	587
4	58706
3	5872
3	5873
1	5874
2	5875
3	5876
3	5878
2	5879
3	588
0	5880
3	58803
2	5881
3	5882
2	5883
3	58839
3	58879
4	5888
3	58889
4	589
3	58904
3	5891
3	5893
3	58964
2	58972
2	58975
4	5899
3	58998
4	59
3	590
2	5900
2	5901
2	59014
3	59016
4	59018
3	5902
2	59022
3	5903
2	59037
2	5909
1	5910
2	59103
4	59118
4	59126
3	5913
4	5914
3	59141
3	59143
4	5915
1	5917
3	5918
4	59180
3	592
2	5923
3	59258
3	5926
2	5927
5	59273
4	593
4	59306
4	59315
3	5932
4	5933
3	59333
4	59339
3	5936
3	59369
2	5938
3	59387
5	59392
3	594
3	5940
2	5941
3	59418
2	5942
2	59421
3	59429
2	5943
2	5944
5	59447
3	5945
3	5947
3	5949
3	595
3	59501
3	59519
4	5952
3	5954
5	59549
3	5955
3	5956
2	5957
2	5958
3	5959
2	59590
2	59594
3	596
5	5960
3	5961
2	59615
1	5962
3	5963
3	5965
2	5966
3	59669
3	5968
5	59684
2	5969
3	597
3	5970
4	5971
4	59721
3	59725
3	59727
4	59731
3	59784
3	5980
4	59805
4	5981
4	59810
4	59814
3	59832
0	59834
3	59846
3	5985
3	5986
3	5989
4	599
2	59900
3	5991
3	5992
3	5993
3	59935
3	5994
3	59945
4	5995
3	59985
3	59995
3	6
2	60
4	600
3	6000
4	6001
3	6003
2	60037
3	60040
4	6005
1	6006
3	60069
2	60072
2	60074
3	6008
4	60086
1	6012
3	60126
4	60128
1	6013
4	60135
0	60137
1	6014
4	6016
4	60161
4	6021
4	6022
3	6025
3	6027
4	60291
3	60293
3	60295
3	603
3	6031
4	6032
5	6033
4	60333
2	60343
4	6035
3	6037
3	60382
5	60384
3	6039
3	60397
1	6040
4	6042
3	6047
2	60471
3	60487
3	605
3	6051
2	60514
2	60516
4	6056
1	6057
2	6058
3	6059
2	606
2	6060
4	60609
3	6062
4	6063
3	6064
1	60649
5	60674
3	60684
4	6073
3	60753
3	60756
3	60760
3	60763
3	60766
4	6077
3	6078
4	608
3	60832
3	6084
4	60857
3	609
3	6091
2	6092
4	6093
2	60937
3	60943
2	6095
3	60950
3	6096
0	60990
3	61
3	610
2	6100
4	6101
5	61013
3	61024
4	61026
2	6103
3	6104
3	6105
5	6107
3	61071
3	61075
0	6109
3	611
3	61123
3	61132
3	6114
2	6115
4	6116
2	61160
4	61167
2	612
4	61206
4	6121
2	61210
4	6122
4	6123
4	61236
3	6124
3	61240
3	61248
4	6125
5	61250
4	6126
2	6127
2	61289
3	613
3	6132
3	61323
4	6133
0	61348
2	61350
3	61352
4	61357
3	61361
2	61394
1	614
3	6140
3	61401
2	6143
0	61465
3	6148
3	615
1	6154
3	6155
3	6156
2	6157
1	6159
3	616
2	6162
5	6163
3	61634
4	61646
4	6166
1	617
3	6170
1	61705
3	61729
3	6178
2	6180
4	6182
3	6183
4	6184
2	6185
2	6186
4	6187
3	6188
2	619
4	6195
3	6197
3	6198
3	62
3	620
3	6201
2	6203
2	6204
4	62049
4	6207
3	62081
3	621
4	6211
3	62113
5	62115
2	6212
3	6213
3	6214
3	6215
3	62155
3	6216
3	6218
2	6219
4	62203
2	6223
3	6225
3	62250
2	6227
3	6228
3	6230
3	6231
3	6232
2	6233
4	62331
4	62336
3	6234
3	62344
4	6235
3	6237
3	62374
3	62376
3	62378
2	6238
3	62383
3	6239
1	62394
3	6240
3	6242
3	6243
3	62434
3	62437
4	6244
3	6245
4	6247
2	6249
2	6250
3	62511
1	6252
4	6254
3	6256
1	6257
2	626
3	6260
4	6261
2	6263
2	6264
3	62644
3	6265
4	6266
3	6268
4	6269
3	627
4	6271
4	62718
4	6273
1	62733
3	6276
4	62764
4	6279
3	62792
3	628
4	62801
3	6281
3	6283
0	6284
3	62849
4	6286
2	6287
2	6290
3	6291
3	62912
2	6294
4	6295
3	62956
3	6296
3	6297
0	6298
3	6299
3	62999
2	63
3	630
2	6300
3	6301
1	6302
3	6303
3	6305
4	6306
3	63062
3	63072
2	6308
3	63082
3	631
3	63113
3	63131
2	6314
1	6315
3	6316
4	63179
2	6318
4	632
2	6322
3	6323
2	63239
4	6327
3	63276
2	6329
4	633
3	6331
5	6332
3	6333
1	6335
3	6337
2	6338
4	6339
1	63393
3	6341
5	6342
3	63436
3	6344
3	6345
3	63479
2	6348
2	63481
2	6349
3	635
4	6350
3	63515
0	63540
3	6355
3	6356
3	6357
3	6358
4	63629
3	6365
2	6367
4	6368
5	6369
2	637
3	6370
3	6373
4	6375
3	6377
3	6378
2	6379
4	638
4	6380
3	63808
3	63826
1	6383
5	63836
3	6384
3	6385
3	63853
3	63859
3	6386
4	6387
3	63876
3	639
3	6390
2	6395
2	63992
2	64
3	640
3	6400
2	64030
1	64032
4	64034
3	6404
4	6405
3	6408
3	6410
4	64114
1	64116
3	6412
3	6413
3	6414
1	6415
1	64153
3	6416
4	6419
4	64197
3	6422
3	64229
3	6423
1	6424
3	64249
1	6425
4	6426
4	6427
5	64278
2	6428
3	64285
3	6429
3	6431
3	6432
4	64321
3	6433
2	64338
3	6436
3	6440
3	6442
3	6446
4	6447
3	6448
4	6449
2	64497
4	64499
2	6450
4	64501
1	64508
3	6452
3	6454
3	64575
3	6458
4	6460
4	6461
3	64614
3	64620
3	64622
2	6464
4	6465
3	6466
5	64660
4	6467
2	6468
3	64695
3	647
3	6470
3	64701
4	64716
3	6473
2	6474
3	6476
3	6477
3	648
3	6480
1	6482
3	64839
3	6484
4	64900
3	6493
3	64957
3	64969
2	6498
3	64983
3	64990
3	64993
2	64997
2	65
3	650
3	6502
2	6503
5	65037
4	6506
4	65088
4	6509
1	651
3	65126
3	6513
3	65130
3	65133
3	65135
0	6514
4	6516
3	6518
3	65188
4	65193
2	6521
5	65216
3	6522
2	65230
2	6525
4	65259
4	65261
3	6527
3	6528
3	653
4	6530
1	6531
3	65310
3	6533
2	6534
2	6535
4	6536
3	6537
3	6538
3	6539
2	6541
2	65418
3	65465
1	6547
3	6548
2	6550
3	65514
3	6552
3	65552
2	65567
1	65577
2	65585
4	6559
3	656
2	65601
3	6561
3	6562
4	65638
2	6564
4	65642
3	6565
0	6566
4	65665
2	6568
3	65682
3	65685
4	6571
3	6579
0	65802
3	6582
2	6584
2	6585
3	6586
1	6587
4	659
3	6591
2	6592
2	6593
2	6595
2	6596
5	6598
3	65982
3	6599
2	66
1	6600
2	66019
4	6602
3	6603
0	66066
3	6609
3	66090
3	66097
3	661
4	6611
4	6612
2	6613
2	66130
2	6615
3	6617
3	66171
3	6618
2	66198
3	662
3	6620
2	66200
3	66203
2	6624
2	66246
3	6628
3	6629
3	66297
3	663
4	6630
2	66310
3	66317
2	66335
3	6636
4	66371
3	6638
4	6639
3	664
3	6641
3	66427
4	6643
0	6644
3	6645
3	6646
3	665
4	6650
2	66509
3	66544
2	6658
3	6659
1	66596
3	6662
3	6663
3	6664
3	6665
0	66659
4	6666
4	66665
3	66686
4	6669
3	667
0	6671
4	66744
3	6676
2	6678
4	66785
3	6679
4	66798
4	668
1	66808
2	6684
2	6686
3	6690
3	66915
3	66934
1	6695
3	670
3	6703
2	6706
2	6707
3	6708
3	67087
3	6709
4	671
3	6710
3	6711
3	6713
4	6718
2	67193
2	67197
3	6721
3	6722
3	6723
3	6724
5	6725
3	67252
3	67255
3	67267
2	6728
4	67295
2	673
3	6730
3	6731
4	6732
3	6735
2	67361
2	6739
2	674
3	67408
4	67429
3	6743
3	6744
3	6748
5	67504
4	67508
0	6751
3	6753
3	6754
3	6755
4	6757
3	6760
4	6762
2	6763
3	6764
3	6765
3	67665
3	6768
5	6769
2	67695
4	6770
1	6771
2	6772
3	6773
3	67734
3	6774
4	6776
3	6777
3	67788
3	6779
2	67799
3	678
4	6780
4	6782
4	6783
3	6785
3	6786
2	67867
4	6787
2	6788
4	679
3	6790
3	6791
3	67923
3	6793
2	6794
3	67957
3	6796
2	6797
3	6798
4	67997
3	68
3	680
3	6800
4	6803
3	6806
4	6807
3	68073
2	6808
4	68099
3	681
2	6810
2	6811
2	6812
2	6813
3	68135
2	68137
3	6814
4	68157
3	68159
4	6816
4	6818
3	68194
3	6820
2	68205
3	6822
4	68237
1	6826
4	68269
2	6827
4	6828
4	6829
2	68319
3	6832
1	68324
4	68347
4	6835
3	68358
3	6840
3	68444
4	68486
3	685
3	6850
3	6851
4	6852
4	68536
3	68554
3	6856
3	6857
3	6858
2	68614
3	6862
3	6863
3	6864
3	68659
3	6867
3	6868
4	6869
3	687
3	6870
0	6872
3	6873
3	6874
1	6875
4	6877
3	6879
3	68791
2	68793
2	688
2	6880
3	6881
4	6883
4	68835
4	68838
4	6884
3	68848
1	6885
3	6887
4	68872
2	6888
0	68884
2	6889
3	6890
3	68901
2	6892
3	6893
2	68932
3	68945
3	68952
3	68954
2	68959
3	6896
0	68965
4	68967
4	6898
3	69
4	690
3	6902
2	6906
3	69069
3	6909
3	691
1	69118
3	69122
3	69134
5	6918
2	692
4	6920
2	69241
3	69253
3	6927
2	69275
2	69278
4	69280
3	6930
2	69306
3	6932
3	6934
3	6935
3	6936
2	694
4	6940
3	69406
3	6942
1	69436
3	6944
3	6945
3	69458
3	6947
4	69481
3	69495
4	695
2	6950
2	6951
4	69516
3	6952
3	69524
2	69526
4	69529
3	6953
4	6954
4	69559
3	6957
2	6958
4	6959
2	696
2	69604
3	69606
3	6961
4	6963
3	6964
3	69640
3	69644
4	69654
3	6966
3	69685
3	697
3	6970
4	6971
2	69712
1	69720
4	6974
2	69746
3	6975
3	69757
5	69761
3	6977
3	6978
2	69784
3	6979
3	698
3	69805
2	6981
3	6982
1	69821
3	6983
4	69844
4	69849
4	6985
4	6986
4	6987
3	6989
4	6990
4	69908
3	6991
3	6992
3	6993
2	69945
1	6995
3	69951
2	6996
3	6997
0	69974
3	6999
3	7
3	70
3	700
2	7000
3	7001
4	7002
3	7003
2	7004
1	7005
3	7007
2	7008
3	7009
3	7010
3	7011
2	7012
0	70121
3	7013
4	70159
1	7016
3	7017
3	7018
3	70183
2	70188
5	702
4	7020
3	70201
3	7022
3	7023
4	7024
4	7025
2	7026
3	7027
4	7028
3	70282
4	70286
3	7029
3	70293
3	703
2	70305
2	70336
3	7034
3	70344
2	7036
3	7038
3	704
3	7040
3	70418
2	7042
4	7043
3	7044
3	7045
2	7046
4	70465
4	7048
3	70488
2	705
3	7050
4	7051
3	70533
2	70545
3	7055
3	7056
3	70565
3	70567
3	7058
3	7059
2	70597
2	70599
3	7060
3	7061
3	7062
4	7063
3	7064
3	7065
3	70663
3	7067
4	70678
3	7068
4	7069
1	70697
3	707
3	7070
3	7071
4	7072
3	70728
3	7073
4	7074
4	7075
2	70751
2	7076
5	70762
3	7078
3	7079
3	708
3	7080
5	7081
4	7082
2	7083
3	7084
2	70846
3	7085
3	7086
3	70862
5	7087
4	7088
4	7089
4	70898
2	709
3	7090
4	7091
3	70927
0	7093
0	70946
2	7095
4	7096
3	70984
4	7099
3	70994
2	71
1	710
3	7101
2	7102
3	71033
2	7104
3	71057
3	7107
1	7108
3	711
3	7110
4	71102
3	71106
4	71108
4	7111
3	71131
3	71135
3	7115
3	71156
4	7116
3	7117
5	71180
3	71205
3	7121
3	71211
3	7122
3	7123
2	71248
3	7125
2	71252
2	71254
4	7126
3	71264
3	71282
4	7130
2	71304
3	7131
2	71318
4	7132
3	7135
4	7136
4	7137
2	71379
3	7139
5	71390
3	714
4	71404
3	7142
4	71429
3	7143
4	71433
3	71438
1	71460
4	71462
3	71464
3	71466
2	71468
3	7147
3	7149
2	71490
4	71494
2	715
2	7150
3	7151
3	71518
4	7152
2	71520
3	71525
4	7153
3	71530
3	71533
3	71535
3	7154
3	7155
4	7156
1	71573
3	71579
3	7158
3	7160
2	7161
3	7162
2	7163
3	7164
4	71640
3	7165
4	71650
2	71668
1	71700
3	7171
4	7172
2	7173
2	71732
3	71745
5	71755
4	7177
3	7178
4	7179
3	718
4	7180
2	71804
2	71810
3	7182
2	71823
3	71838
3	7186
0	71876
1	7189
3	71899
2	719
4	7190
2	7192
3	7193
3	7195
3	7196
3	7198
1	7199
3	72
4	720
3	72011
0	7204
2	72043
4	7206
3	7207
5	7208
3	7209
4	721
3	7210
3	72104
4	72109
4	7211
4	7212
3	72129
4	72131
4	7215
3	7216
3	72165
3	72169
3	7217
4	72171
3	72176
4	7219
4	722
2	72209
3	7222
2	72224
4	72226
3	7223
2	7228
4	72294
4	72308
3	7234
4	7235
4	72356
3	7236
4	72367
2	72378
4	7238
3	72380
3	72386
4	72393
2	72395
3	724
2	72405
2	72407
1	7245
3	7247
3	72479
3	7248
2	72489
2	725
2	7250
3	7254
2	7255
4	7256
2	7257
1	7258
3	726
5	7260
3	72603
3	72605
2	72612
3	72626
3	7263
3	72630
3	72641
4	72647
3	7265
3	7266
4	72683
2	72694
1	72696
2	72701
2	7272
3	72720
3	72731
3	72733
2	72737
3	72741
2	72762
4	72781
3	728
0	7282
1	7283
3	7285
4	72880
2	72919
3	7293
2	7294
4	72947
4	7299
3	72998
4	73
4	7300
2	73015
3	73017
5	7302
3	73023
3	7303
2	73042
2	7305
4	7307
3	7308
4	7309
2	731
4	73101
2	73106
3	7311
0	7312
2	7315
2	7316
2	73168
3	7317
3	7318
3	7319
4	7320
3	73211
3	7323
3	7324
2	7325
3	73266
3	73268
3	7327
3	73276
4	73290
3	733
3	73319
3	73321
3	73323
3	7334
4	73344
1	73386
3	73392
4	7340
1	7343
3	7346
3	73469
3	7347
3	7348
2	73488
4	7349
4	735
4	7352
4	73531
3	7354
5	7355
3	7357
3	73572
2	7358
4	73587
3	736
3	7360
4	7361
3	7362
2	7366
3	73664
2	7367
2	7369
2	737
3	7371
3	7372
3	7373
4	7374
2	73741
4	7375
4	73759
2	7376
4	7379
4	7380
4	73808
2	7381
3	7382
3	73854
4	7386
3	73860
3	7387
3	73881
2	73929
3	7394
3	7395
4	7396
3	74
2	7407
5	74089
4	741
2	7411
2	74115
2	7415
4	74152
3	74154
2	74156
3	7419
2	742
3	74228
3	74275
4	74282
2	743
4	74324
0	74327
3	7437
3	74370
3	7438
2	7439
4	74416
2	74438
2	7444
3	7445
3	74450
2	74452
3	74458
0	7448
3	74486
2	7449
4	745
2	7450
4	74508
3	7451
3	74510
3	7453
3	74530
2	74532
2	7454
3	74545
4	7456
3	7458
3	74580
4	7459
2	746
3	7460
3	74624
3	74630
4	74649
3	74668
4	74677
3	74685
2	74688
2	74698
2	747
5	74727
3	74740
5	74754
4	7478
3	74787
3	74789
3	74795
3	748
3	7481
4	7482
3	7484
3	74851
3	74868
3	7487
3	74916
3	7492
3	7493
3	74944
3	74946
3	74948
4	750
4	7502
3	7505
3	753
2	75341
2	75349
3	754
3	7541
4	75440
2	755
3	756
3	7560
5	7564
4	7566
3	7569
4	757
3	7570
4	7571
3	7572
3	7573
5	7574
2	7577
2	7579
1	75803
2	75805
3	75813
2	75816
4	75823
3	7583
3	7584
2	7585
4	7586
4	7587
5	759
4	75983
3	75985
4	75990
3	76
3	760
2	76030
3	76054
2	76060
3	76077
4	76091
4	76093
3	761
4	76111
3	7613
3	7614
3	7615
3	7616
4	76173
1	76175
3	7619
2	762
4	7620
3	76210
4	7624
4	7625
3	76251
4	7627
3	76272
3	76293
3	76303
1	7636
5	764
4	7649
2	765
3	7650
4	766
4	7669
4	767
2	76738
3	76763
3	769
3	7697
4	7698
4	77
4	7700
1	7701
3	7702
3	7705
3	7706
2	7708
3	7713
3	7714
2	77191
4	7720
2	77201
2	77206
3	7728
5	77291
3	77307
3	77359
3	77364
3	7738
4	77414
3	77421
1	77427
3	7743
5	77435
3	77455
3	7748
2	775
3	7753
3	77561
4	7757
1	7759
3	7762
3	7764
4	77658
4	7766
4	7767
4	7771
5	7773
3	7774
2	77798
4	778
3	77800
2	77808
4	77810
3	7782
4	77837
4	77846
3	7786
2	77866
4	7787
2	7789
2	779
4	7790
4	77907
2	7791
3	7792
3	78
3	780
4	7802
3	78034
3	78039
2	78041
3	78088
3	7809
3	781
3	7810
2	78101
2	78105
3	7811
2	78111
3	78116
3	7812
0	78122
1	7815
4	78160
3	7817
3	78174
2	7818
3	782
4	7820
3	78209
3	78218
3	7822
4	7826
2	78264
2	78266
4	7827
3	783
3	7831
3	78316
4	7832
1	78321
3	7833
3	7834
3	78349
3	7835
3	7836
2	784
3	7840
2	7841
3	7842
3	7843
4	7844
3	7845
2	7846
1	78467
2	78469
4	78499
3	785
3	78517
4	78544
3	78574
3	786
2	78637
3	78653
4	787
3	78703
2	7872
2	78729
1	78772
4	7878
3	788
3	7881
2	7882
3	78829
3	7883
4	78836
3	7888
4	7889
1	78893
5	78903
2	7892
4	7894
3	7895
4	78967
3	7897
3	7899
2	79
4	79006
4	79008
4	79029
3	79057
3	79091
4	79132
3	79134
4	79136
4	79139
4	7914
3	7915
3	7916
4	79163
2	79185
4	7919
3	7920
4	79203
3	7921
2	7922
2	79224
4	7924
3	79242
3	7925
2	79251
2	79259
4	7926
3	79274
2	79293
2	79299
4	793
4	79318
5	7932
3	7934
4	7935
4	79357
4	7936
3	7938
3	7939
4	7941
3	7942
2	79428
4	7943
4	7944
1	7946
5	79469
4	7947
4	7948
2	7951
3	79553
3	7958
3	79588
3	7959
2	79590
3	79592
5	79677
4	79686
2	79695
3	79702
3	79720
3	7976
3	7979
3	79796
3	798
3	7980
4	7981
3	7982
4	79824
3	7983
3	7984
3	79868
3	7987
2	79879
3	799
3	7990
2	7991
3	79946
3	7995
3	8
4	80
4	800
4	80026
2	8003
3	8008
3	80083
3	8009
3	801
3	8010
3	8011
4	8012
3	80126
3	8014
3	8015
2	8016
2	80166
3	80185
4	8019
3	802
4	80217
4	80219
3	80241
4	803
3	8033
3	80346
0	80350
3	80363
3	8039
2	804
3	8042
3	8044
3	80463
3	80489
3	805
3	80549
2	80551
5	80553
2	8056
3	8057
2	80572
4	80584
3	80586
2	80590
4	80599
2	806
2	80615
4	80693
3	8070
5	80717
3	80727
1	80736
4	80748
3	808
3	80831
5	80839
1	80844
3	80846
2	80858
4	80860
3	80862
3	80864
2	809
3	80906
3	80917
2	8093
4	8094
3	80969
3	81
2	810
3	81018
4	81054
3	81083
4	81132
2	81138
3	81156
3	81158
2	8117
3	81191
5	8121
4	81229
5	8123
4	8125
4	8126
3	8128
1	8129
2	813
3	8130
4	8131
4	8132
1	8133
0	8136
2	8137
1	8138
3	81417
4	8142
3	8143
3	8147
3	81512
4	81516
2	81535
2	81537
4	8154
3	81562
4	81564
3	8157
3	8158
3	81591
3	816
3	81641
2	81660
2	8167
3	8169
3	81782
2	81784
4	81786
4	81788
2	818
4	81819
4	8183
4	81831
3	81834
3	81845
3	81847
3	8187
4	8188
4	8189
0	81898
3	8190
4	8191
3	81910
4	81932
2	8194
3	81949
2	8195
2	8196
3	8197
4	8199
3	82
5	820
2	82035
3	82037
3	82041
4	8207
5	8208
1	82093
1	82095
3	82150
3	82152
2	82167
3	82169
2	82173
2	82202
4	82242
3	8225
4	8228
4	8235
2	82378
4	8239
3	824
5	8240
3	82459
2	82461
3	82463
3	82499
4	82527
3	8253
3	82534
5	8254
4	8256
3	8257
5	82608
5	8261
3	8263
4	8264
2	8266
3	82667
3	8267
2	8268
4	8273
2	8275
3	828
2	82852
1	82854
1	829
0	8290
3	82931
3	82934
3	83
3	830
1	83086
3	83096
3	831
3	83132
3	83134
2	83177
3	832
4	8327
1	83270
3	83293
2	833
3	8331
5	83318
3	8332
4	83322
4	83332
2	83349
5	83359
3	8336
3	83361
3	8337
2	83374
3	8338
3	834
3	8340
4	8341
5	83411
3	83480
3	835
4	83506
2	836
3	8360
3	83603
3	8361
2	83613
2	8362
2	8363
3	8364
3	8366
3	8367
3	8368
3	8369
3	837
3	8370
3	8371
1	8372
2	8373
3	8376
3	838
3	83803
4	83827
4	83829
3	8385
1	8387
4	8388
3	839
2	83910
2	8392
4	83976
4	84
3	840
2	8403
4	8404
3	84098
3	841
4	8410
4	84116
3	84152
4	84154
3	84160
3	84187
2	842
4	8420
3	8422
3	8423
4	84236
3	84304
1	84312
2	84374
3	84392
2	84395
3	844
5	84414
1	8447
5	845
3	84506
3	8451
4	8453
4	8459
4	846
3	8460
3	84601
3	84615
2	8462
2	8463
1	84637
3	8464
2	8465
4	84696
4	8477
2	84772
3	848
3	8482
3	8484
4	84844
4	84847
4	8485
2	8487
2	849
3	8491
3	8492
3	8493
3	84944
2	84950
4	84952
3	84954
3	8499
4	85
4	850
3	85016
3	8502
3	85020
2	85022
2	85025
4	8504
2	85056
3	8507
3	851
4	8511
2	85131
4	85179
3	852
4	85213
3	8522
3	8524
2	8525
2	8526
2	85261
3	8527
3	8528
3	8529
3	8530
2	8531
4	85316
3	8533
2	8534
4	85342
3	8535
2	85367
4	8537
4	85394
1	85397
1	85399
4	854
3	85401
3	85412
4	85414
4	8542
3	85438
3	8544
2	85510
2	85572
3	85612
3	8571
4	8572
4	85736
2	8574
2	8575
4	8576
4	8577
4	85774
3	85780
3	85788
2	85796
4	858
4	8580
3	8581
3	8582
2	8583
3	8584
3	85881
4	8589
3	8591
3	8596
3	86
4	8600
4	86000
3	86014
2	86028
2	8604
1	86059
3	8607
4	8609
3	861
3	8610
2	8611
3	8612
2	8614
3	86142
3	8616
3	8617
3	8618
3	86190
3	8620
3	8622
3	8623
3	8625
3	8629
3	86290
2	86293
3	86298
4	86320
3	8633
3	86332
4	86345
4	86347
3	8636
4	86377
3	8638
3	864
2	8640
3	8641
3	8642
3	8643
3	8644
3	8645
5	86487
4	865
4	8650
4	86504
2	8654
4	86548
3	8656
3	8657
2	86593
3	866
3	8661
4	86626
2	86644
3	8665
2	8666
2	8667
3	867
4	8670
3	8672
3	86721
5	8675
4	86781
5	86817
3	86833
2	86835
4	8684
3	86852
4	86864
2	86880
3	86882
4	86884
4	8689
3	86892
3	86898
2	869
3	8690
2	86911
3	8695
2	86982
5	8699
1	87
1	870
3	8700
3	8709
3	8711
4	8712
3	8713
2	8718
3	87192
5	872
2	8720
1	87205
3	87218
1	8722
3	87222
3	87232
3	87234
3	8724
2	8725
1	8727
2	87298
4	8730
3	87304
3	87306
3	87383
2	8743
2	87430
1	87444
3	8745
2	87483
2	87485
4	875
4	8751
4	8752
2	87520
2	87522
1	87529
4	8753
4	8754
3	87598
5	876
3	8761
1	8763
4	8765
4	87660
3	8768
3	8772
0	8777
2	87785
4	8779
3	8781
3	8783
3	8784
3	8785
2	87869
1	87876
3	87884
3	879
3	8790
2	87930
2	8795
3	8796
4	8797
3	87975
3	8798
2	8799
2	88
2	880
4	8800
2	88024
3	8807
3	8808
3	881
2	8810
3	88106
0	8811
4	88118
4	88125
3	88129
3	8813
1	8814
3	88140
3	88163
4	88179
2	8819
2	882
2	8820
2	8821
3	8823
4	88235
3	88267
4	8827
2	88272
3	8828
2	8830
2	8831
1	8832
3	8833
4	88345
1	8835
2	88356
2	8836
3	8838
3	88380
2	8839
2	8840
3	88405
2	8848
2	885
2	8850
2	8851
2	8853
3	8854
3	8857
0	8859
1	886
2	8860
2	8861
3	8864
2	8865
2	8866
3	88672
4	88682
3	8870
3	8871
3	8872
3	8873
3	8874
3	88744
2	88785
4	8879
3	888
3	8880
4	88810
3	88812
3	8882
4	8884
2	88879
4	889
4	8892
4	8893
1	88932
0	88950
1	88954
4	8899
3	89
3	89000
3	8903
2	89030
3	89039
4	89045
3	89047
3	8906
2	8907
3	89072
3	8908
4	89085
2	89087
1	89090
2	891
3	8910
2	89102
2	8911
2	89118
3	8914
2	8915
3	8916
3	8917
3	8918
3	89194
3	892
3	8920
4	89203
2	8921
4	8923
4	89260
3	8927
3	8928
4	8929
4	893
3	8930
3	89300
4	89305
3	8931
2	89321
4	8933
3	89337
3	89343
1	8935
3	89356
4	8937
4	8938
1	89388
3	89408
1	89427
3	8943
2	8946
2	8947
3	89470
2	8948
3	8949
3	89492
3	8950
4	8951
3	8954
5	8955
3	8957
3	8958
3	896
3	8961
0	8963
1	8964
2	8965
3	8966
3	89678
2	8968
3	8969
3	897
3	8970
3	8972
3	8973
2	8974
4	89745
3	89753
4	89759
3	89761
3	8977
3	89774
4	8979
4	898
3	89804
3	8981
3	8982
3	8983
3	89837
2	8984
2	89840
1	8985
4	8986
3	89864
3	8987
4	89870
4	8988
4	89881
3	8989
4	899
3	89904
3	8998
4	8999
3	9
3	900
3	9000
4	9001
3	9004
2	9005
4	90057
5	90061
3	901
5	9010
4	9012
3	9018
3	902
3	90249
2	90266
4	903
2	90343
3	90345
4	90357
3	90374
3	90376
4	904
3	90403
3	90405
4	90428
4	90430
3	90439
2	90469
4	905
2	90522
2	90524
3	90531
4	90576
3	906
4	90600
2	90603
2	90647
4	907
3	90717
3	90719
1	90738
3	90746
4	908
4	90863
3	90866
0	90870
2	90888
1	90890
3	909
4	90947
3	910
3	91077
3	91094
4	911
2	91104
3	91126
3	91128
3	91134
3	91199
4	912
1	91273
4	91286
4	913
1	91323
2	91325
3	91355
3	914
3	91414
1	91470
2	91483
3	91485
2	91488
3	915
3	91500
1	91505
3	91529
2	91535
3	91542
4	91548
2	91582
4	916
2	91610
2	91622
1	91628
3	91630
3	91653
3	91658
1	91660
5	91673
1	91688
5	91690
3	917
3	918
2	91842
3	91869
1	91873
4	91886
3	91890
3	919
2	91935
3	91947
2	91974
2	91976
4	91978
3	92
4	920
4	92004
3	92008
2	92048
2	92058
3	921
4	92163
2	92198
4	922
2	92206
5	92210
2	92234
4	92259
2	92264
4	923
2	92309
3	924
3	92420
4	92424
2	92439
5	92494
2	92496
2	92498
3	92507
4	92509
4	92535
4	926
4	92613
2	92665
2	92681
3	92694
4	927
4	92751
2	92756
4	928
3	929
1	92938
3	92954
4	92966
2	93
4	930
4	93040
4	93061
3	931
3	932
1	93242
4	93265
1	93270
2	93272
3	93287
3	933
5	93320
5	93324
2	93326
2	93363
3	934
4	93422
3	93432
4	93443
4	93498
4	935
4	93510
3	93512
1	93563
3	936
4	93693
3	937
4	93700
3	93721
1	93766
3	938
3	93805
2	93831
4	93838
3	93840
4	93855
4	939
1	93980
2	93982
3	94
3	940
1	94011
2	94015
2	94018
4	94024
3	94070
3	941
3	942
2	94266
4	943
3	94323
4	94325
3	944
3	94466
2	94478
1	94480
2	94494
4	945
4	946
2	94672
3	94677
3	947
3	94777
2	94780
4	94799
3	948
2	94833
3	94864
3	94896
3	949
2	94919
4	94931
4	94939
2	94953
3	94959
3	95
4	950
2	95067
4	95088
4	951
1	95105
5	95113
4	95115
4	95135
3	95147
3	95165
3	95167
3	95182
2	95199
3	952
3	95201
1	95207
4	953
2	95307
3	95309
3	95311
5	95313
3	95375
5	95377
4	954
2	95441
0	95443
3	95449
3	95473
4	95475
4	95499
4	955
3	95508
3	95510
3	95543
3	95558
4	95567
2	95583
3	956
3	95654
4	957
2	95720
0	95740
2	95744
4	95752
4	95761
3	95780
3	95782
4	95858
3	95873
2	95875
3	95949
3	95963
4	95965
1	96
2	960
4	96004
3	96007
4	96020
5	96075
3	96079
5	961
2	96110
2	96114
2	96150
3	962
3	96281
3	963
3	96314
4	96373
2	964
2	96417
3	96432
2	96448
4	96467
3	96488
2	96490
3	965
2	96530
3	96563
1	96565
3	96588
2	96590
4	966
4	96606
3	96610
2	96616
1	96634
4	96655
2	96667
2	96691
1	96726
4	96728
3	96737
3	96792
4	968
4	96811
3	96815
3	96821
4	96829
5	96832
3	96849
2	96861
1	96863
4	969
4	96901
4	96911
3	97
3	970
5	97057
3	971
2	97168
2	97188
2	972
3	97225
5	97230
3	97254
4	973
3	97304
4	97306
3	97328
3	97393
4	97395
1	97470
3	97593
3	976
3	97639
4	97673
2	97742
4	97744
3	97752
2	97757
4	97817
5	97826
1	97836
2	97858
3	97860
4	97866
4	97870
3	97895
3	97913
3	97921
3	97923
3	97936
3	97938
4	97957
3	97994
3	98
1	980
4	98000
3	98056
2	98083
1	981
2	98122
4	98124
5	98126
3	98154
1	98160
1	98175
3	982
3	98230
3	98243
3	98279
2	98296
3	98369
4	984
4	98441
2	98458
3	98473
4	98491
3	98585
5	98587
3	986
4	98604
3	98607
3	98611
5	98615
3	987
4	98795
3	988
3	98803
3	98809
4	98829
2	98836
1	98908
4	98913
5	98933
3	98961
5	98963
2	99
2	990
1	99005
3	99007
5	99030
2	99085
4	99089
3	991
2	99106
2	99112
3	99114
2	99117
4	99145
3	99149
2	992
3	99220
2	99270
2	99273
2	99276
2	99296
2	99320
4	994
2	99415
3	99437
2	99468
1	99470
3	99574
3	996
4	99609
4	99615
2	99669
4	99675
2	997
3	99728
3	99741
5	99764
4	99795
3	998
4	99811
4	99813
4	99839
3	99846
3	999
2	99912
2	99917
3	99992

